start_draw_0:
000000000000000000000000
000000000000000000000000
000000001110000000000000
000000011111100000000000
000001111111110000000000
000001111111110000000000
000011110001111000000000
000011100000111000000000
000111000000011000000000
000111000000011000000000
000111000000011000000000
000111000000111000000000
000111000000111000000000
000111000001111000000000
000111111111110000000000
000011111111100000000000
000001111110000000000000
000000000000000000000000
000000000000000000000000
000000000000000000000000
000000000000000000000000
000000000000000000000000
000000000000000000000000
000000000000000000000000
000000000000000000000000
000000000000000000000000
000000000000000000000000
000000000000000000000000
000000000000000000000000
000000000000000000000000
000000000000000000000000
000000000000000000000000
000000000000000000000000
000000000000000000000000
000000000000000000000000
000000000000000000000000
start_draw_0:
000000000000000000000000
000000000000000000000000
000000000000000000000000
000000000000000000000000
000000000000000000000000
000000000000000000000000
000000000000000000000000
000000000000000000000000
000000000000000000000000
000000000000000000000000
000000000000000000000000
000000000000000000000000
000000000000000000000000
000000000000000000000000
000000000000000000000000
000000000001111100000000
000000000011111100000000
000000000011111100000000
000000000111100000000000
000000000111000011000000
000000001110000011100000
000000011110000011100000
000000011100000011110000
000000011100000001111000
000000011000000000111100
000000111000000000011100
000000111000000000001110
000000111000000000001110
000000110000000000001110
000000110000000000000110
000000110000000000000111
000000111000000000001111
000000111111000000011110
000000111111111111111100
000000000111111111111000
000000000000111100000000
start_draw_0:
000000000000000000000000
000000000000000000000000
000000000000000000000000
000000000000000000000000
000000000000000000000000
000000000000000000000000
000000000000000000000000
000000000000011000000000
000000000000111111000000
000000000001111111100000
000000000011111111100000
000000000011100001110000
000000000111000001110000
000000000111000001110000
000000001110000000110000
000000001110000000110000
000000001110000000110000
000000001100000000110000
000000001100000000110000
000000001100000001110000
000000001110000011110000
000000001111000011110000
000000001111111111100000
000000000011111111000000
000000000000000000000000
000000000000000000000000
000000000000000000000000
000000000000000000000000
000000000000000000000000
000000000000000000000000
000000000000000000000000
000000000000000000000000
000000000000000000000000
000000000000000000000000
000000000000000000000000
000000000000000000000000
start_draw_0:
000000000000000000000000
000000000000000000000000
000011100000000000000000
000011111000000000000000
000111111110000000000000
000111011111000000000000
000111001111100000000000
000110000011110000000000
000110000001111000000000
000110000000111000000000
000110000000111000000000
000110000000011000000000
000111000000011000000000
000111000000011000000000
000011100000011000000000
000011110000011000000000
000001111000011000000000
000000111110111000000000
000000011111111000000000
000000001111110000000000
000000000000000000000000
000000000000000000000000
000000000000000000000000
000000000000000000000000
000000000000000000000000
000000000000000000000000
000000000000000000000000
000000000000000000000000
000000000000000000000000
000000000000000000000000
000000000000000000000000
000000000000000000000000
000000000000000000000000
000000000000000000000000
000000000000000000000000
000000000000000000000000
start_draw_0:
000000000000000000000000
000000000000000000000000
000000000000000000000000
000000000000000000000000
000000000000000000000000
000000000000000000000000
000000000000000000000000
000000000000011111000000
000000000000111111000000
000000000001111111100000
000000000011110011100000
000000000111100001100000
000000001111000001100000
000000001110000001100000
000000011110000001100000
000000011100000001100000
000000011100000001100000
000000011000000011100000
000000011000000011100000
000000111000000011100000
000000111000000011000000
000000111000000011000000
000000111000000011000000
000000011000000111000000
000000011000001111000000
000000011100001110000000
000000011110011110000000
000000001111111100000000
000000001111111000000000
000000000000000000000000
000000000000000000000000
000000000000000000000000
000000000000000000000000
000000000000000000000000
000000000000000000000000
000000000000000000000000
start_draw_0:
000000000000000000000000
000000000000000000000000
000000000000000000000000
000000000000000000000000
000000000000000000000000
000000000000000000000000
000000000011111100000000
000000000111111100000000
000000011111111100000000
000000111110011110000000
000000111000001111000000
000001111000000111000000
000011110000000111100000
000011100000000011110000
000011100000000001110000
000011000000000001110000
000011000000000000110000
000111000000000000111000
000111000000000000111000
000011000000000000111000
000011000000000000011000
000011100000000000011000
000011100000000000011000
000011110000000000111000
000001111000000001111000
000000111110000001111000
000000011111111111110000
000000000111111111100000
000000000000000000000000
000000000000000000000000
000000000000000000000000
000000000000000000000000
000000000000000000000000
000000000000000000000000
000000000000000000000000
000000000000000000000000
start_draw_0:
000000000000000000000000
000000000000000000000000
000000000000000000000000
000000000000000000000000
000000000000000000000000
000000000000000000000000
000000000000000000000000
000000000000000000000000
000000000000000000000000
000000000000000000000000
000000000000000000000000
000000000000000000000000
000000000000000000000000
000000000000000000000000
000000000000000000000000
000000000000000000000000
000000000000000000000000
000000000000000000000000
000000000000000000000000
000000000000000011110000
000000000000001111110000
000000000000011111111000
000000000000111111111100
000000000001111100111100
000000000001110000011100
000000000011100000001110
000000000111100000001110
000000000111000000001110
000000000111000000001110
000000000111000000001100
000000000110000000001100
000000000110000000011100
000000000111000000011100
000000000111000000011100
000000000111100001111000
000000000011100111111000
start_draw_0:
000000000000000000000000
000000000000000000000000
000000000000000000000000
000000000000000000000000
000000000110000000000000
000001110111100000000000
000001110111110000000000
000001110001110000000000
000011100000110000000000
000011100000110000000000
000011100000110000000000
000011000000110000000000
000011000000110000000000
000011000000110000000000
000011000001110000000000
000011000011110000000000
000011111111100000000000
000011111111000000000000
000011111100000000000000
000000000000000000000000
000000000000000000000000
000000000000000000000000
000000000000000000000000
000000000000000000000000
000000000000000000000000
000000000000000000000000
000000000000000000000000
000000000000000000000000
000000000000000000000000
000000000000000000000000
000000000000000000000000
000000000000000000000000
000000000000000000000000
000000000000000000000000
000000000000000000000000
000000000000000000000000
start_draw_0:
000000000000000000000000
000000000000000000000000
000000000000000000000000
000000000000000000000000
000000000000000000000000
000000000000000000000000
000000000000000000000000
000000000000001110000000
000000000000011111000000
000000000000111111100000
000000000001111011100000
000000000011110011100000
000000000111100001100000
000000000111000001100000
000000001111000001100000
000000001110000001110000
000000001100000001110000
000000001100000001110000
000000011100000001110000
000000011100000000110000
000000011100000000110000
000000011100000000110000
000000001100000001110000
000000001110000011110000
000000001111000111110000
000000000111111111100000
000000000011111111000000
000000000000000000000000
000000000000000000000000
000000000000000000000000
000000000000000000000000
000000000000000000000000
000000000000000000000000
000000000000000000000000
000000000000000000000000
000000000000000000000000
start_draw_0:
000000000000000000000000
000000000000000000000000
000000000000000000000000
000000000000000000000000
000000000000000000000000
000000000000000000000000
000000000000011110000000
000000000001111111000000
000000000011111111000000
000000000111101111100000
000000001111001111110000
000000011110000011110000
000000111100000001111000
000000111000000000111100
000001111000000000011110
000001110000000000001110
000001110000000000001110
000001100000000000000110
000001100000000000000110
000001100000000000000110
000001110000000000000110
000001111000000000001110
000000111000000000001110
000000111100000000011110
000000011111111111111100
000000001111111111111000
000000000000111111110000
000000000000000000000000
000000000000000000000000
000000000000000000000000
000000000000000000000000
000000000000000000000000
000000000000000000000000
000000000000000000000000
000000000000000000000000
000000000000000000000000
start_draw_0:
000000000000000000000000
000000000000000000000000
000000000000000000000000
000000011111100000000000
000000011111100000000000
000000001111110000000000
000000011111111000000000
000000011100111000000000
000000111100011100000000
000000111000011100000000
000001110000011100000000
000001110000011100000000
000011100000011100000000
000011100000011000000000
000111000000011000000000
000111000000111000000000
000110000000111000000000
000110000001111000000000
000110000001110000000000
000110000011100000000000
000111001111100000000000
000111111111000000000000
000111111110000000000000
000001111000000000000000
000000000000000000000000
000000000000000000000000
000000000000000000000000
000000000000000000000000
000000000000000000000000
000000000000000000000000
000000000000000000000000
000000000000000000000000
000000000000000000000000
000000000000000000000000
000000000000000000000000
000000000000000000000000
start_draw_0:
000000000000000000000000
000000000000000000000000
000000000000000000000000
000000000000000000000000
000000000000000000000000
000000000000000000000000
000000000000000000000000
000000000000000000000000
000000000000000000000000
000000000000000000000000
000000000000000000000000
000000000000000111100000
000000000000001111100000
000000000000001111100000
000000000000011111100000
000000000000111111100000
000000000000111001110000
000000000000111001110000
000000000001110001110000
000000000001110000111000
000000000001100000111000
000000000001100000011000
000000000001100000011000
000000000011100000011000
000000000011100000111000
000000000011100000111000
000000000011100000111000
000000000011100000110000
000000000011110001110000
000000000001111111110000
000000000000111111100000
000000000000011110000000
000000000000000000000000
000000000000000000000000
000000000000000000000000
000000000000000000000000
start_draw_0:
000000000000000000000000
000000000000000000000000
000000000000000000000000
000000000000000000000000
000000000000000000000000
000001111110000000000000
000011111111100000000000
000011100111110000000000
000111000001111000000000
000111000000111100000000
000111000000011100000000
000110000000011100000000
000110000000001100000000
000110000000011100000000
000110000000011100000000
000110000000011000000000
000110000000111000000000
000111000011111000000000
000111111111110000000000
000111111111100000000000
000000111110000000000000
000000000000000000000000
000000000000000000000000
000000000000000000000000
000000000000000000000000
000000000000000000000000
000000000000000000000000
000000000000000000000000
000000000000000000000000
000000000000000000000000
000000000000000000000000
000000000000000000000000
000000000000000000000000
000000000000000000000000
000000000000000000000000
000000000000000000000000
start_draw_0:
000000000000000000000000
000000000000000000000000
000000000000000000000000
000000000000000000000000
000000000000000000000000
000000000000000000000000
000000000000000000000000
000000000000000011110000
000000000000001111110000
000000000000011111110000
000000000000011111110000
000000000000111101111000
000000000001111000111000
000000000011110000111100
000000000011100000011100
000000000111100000001100
000000000111000000001100
000000000111000000011100
000000001110000000011100
000000001110000000011100
000000001100000000011100
000000001100000000011000
000000001100000000111000
000000001100000000111000
000000001100000001110000
000000001110000011110000
000000001111000111110000
000000001111111111100000
000000000111111111000000
000000000001110000000000
000000000000000000000000
000000000000000000000000
000000000000000000000000
000000000000000000000000
000000000000000000000000
000000000000000000000000
start_draw_0:
000000000000000000000000
000000000000000000000000
000000000111110000000000
000000001111111100000000
000000001110111110000000
000000011110011110000000
000000011100000111000000
000000111000000111000000
000000111000000111000000
000000111000000111000000
000000110000000110000000
000000110000000110000000
000000110000001110000000
000000110000011110000000
000000111001111100000000
000000111111111000000000
000000111111110000000000
000000000000000000000000
000000000000000000000000
000000000000000000000000
000000000000000000000000
000000000000000000000000
000000000000000000000000
000000000000000000000000
000000000000000000000000
000000000000000000000000
000000000000000000000000
000000000000000000000000
000000000000000000000000
000000000000000000000000
000000000000000000000000
000000000000000000000000
000000000000000000000000
000000000000000000000000
000000000000000000000000
000000000000000000000000
start_draw_0:
000000000000000000000000
000000000000000000000000
000000000000000000000000
000000000000000000000000
000000000000000000000000
000000000000000000000000
000000000000000000000000
000000000000000000000000
000000000000000000000000
000000000000000000000000
000000000000000000000000
000000000000000000000000
000000000000000000000000
000000000000000000000000
000000000000000000000000
000000000000000000000000
000000011111000000000000
000001111111100000000000
000001111111100000000000
000001110011110000000000
000011100001111000000000
000011100000111000000000
000011000000011000000000
000011000000011100000000
000011000000011100000000
000011000000011100000000
000011100000011000000000
000011111111111000000000
000001111111111000000000
000000111111000000000000
000000000000000000000000
000000000000000000000000
000000000000000000000000
000000000000000000000000
000000000000000000000000
000000000000000000000000
start_draw_0:
000000000000000000000000
000000000000000000000000
000000000000000000000000
000000000000000000000000
000001111000000000000000
000001111100000000000000
000001111110000000000000
000011101111000000000000
000011100111000000000000
000011000011000000000000
000111000011100000000000
000111000011100000000000
000111000011100000000000
000110000011100000000000
000110000011100000000000
000110000011000000000000
000110000011000000000000
000110000111000000000000
000110000111000000000000
000111001111000000000000
000111111110000000000000
000111111110000000000000
000001111000000000000000
000000000000000000000000
000000000000000000000000
000000000000000000000000
000000000000000000000000
000000000000000000000000
000000000000000000000000
000000000000000000000000
000000000000000000000000
000000000000000000000000
000000000000000000000000
000000000000000000000000
000000000000000000000000
000000000000000000000000
start_draw_0:
000000000000000000000000
000000000000000000000000
000000001110000000000000
000000011110000000000000
000000011111100000000000
000000011111100000000000
000000011011110000000000
000000011001111000000000
000000111000111100000000
000000111000011100000000
000000111000011100000000
000000110000001100000000
000000110000001100000000
000000110000001110000000
000000110000011110000000
000000111000111100000000
000000111011111100000000
000000111111111000000000
000000011111100000000000
000000000000000000000000
000000000000000000000000
000000000000000000000000
000000000000000000000000
000000000000000000000000
000000000000000000000000
000000000000000000000000
000000000000000000000000
000000000000000000000000
000000000000000000000000
000000000000000000000000
000000000000000000000000
000000000000000000000000
000000000000000000000000
000000000000000000000000
000000000000000000000000
000000000000000000000000
start_draw_0:
000000000000000000000000
000000000000000000000000
000000000000000000000000
000000000000000000000000
000000000000000000000000
000000000000000000000000
000000000000000000000000
000000000000000000000000
000000000000000000000000
000000000000110000000000
000000000000111000000000
000000000000111100000000
000000000111011100000000
000000001111111110000000
000000001111111110000000
000000011110111110000000
000000011100011110000000
000000111000011110000000
000000111000011110000000
000000111000000110000000
000000110000000110000000
000000110000001110000000
000000110000001110000000
000000110000011110000000
000000111000011100000000
000000111111111000000000
000000011111111000000000
000000001111100000000000
000000000000000000000000
000000000000000000000000
000000000000000000000000
000000000000000000000000
000000000000000000000000
000000000000000000000000
000000000000000000000000
000000000000000000000000
start_draw_0:
000000000000000000000000
000000111111000000000000
000001111111000000000000
000011111111100000000000
000011100011100000000000
000011100001100000000000
000111000001100000000000
000111000001100000000000
001110000001100000000000
001110000001100000000000
001110000001100000000000
001100000011100000000000
001100000011100000000000
001100000011100000000000
001100000111100000000000
001110001111000000000000
001111111110000000000000
000111111100000000000000
000011110000000000000000
000000000000000000000000
000000000000000000000000
000000000000000000000000
000000000000000000000000
000000000000000000000000
000000000000000000000000
000000000000000000000000
000000000000000000000000
000000000000000000000000
000000000000000000000000
000000000000000000000000
000000000000000000000000
000000000000000000000000
000000000000000000000000
000000000000000000000000
000000000000000000000000
000000000000000000000000
start_draw_0:
000000000000000000000000
000000000000000000000000
000000000000000000000000
000000000000000000000000
000000000000000000000000
000000000000000000000000
000000000000000000000000
000000000000001110000000
000000000000011110000000
000000000000111110000000
000000000000111110000000
000000000001111111000000
000000000001111111000000
000000000011100111000000
000000000011100011000000
000000000111000011000000
000000000111000011000000
000000000111000011000000
000000001110000011000000
000000001110000011000000
000000001110000011000000
000000001100000011000000
000000001100000111000000
000000001100001111000000
000000001110001110000000
000000001111111110000000
000000000111111100000000
000000000011110000000000
000000000000000000000000
000000000000000000000000
000000000000000000000000
000000000000000000000000
000000000000000000000000
000000000000000000000000
000000000000000000000000
000000000000000000000000
start_draw_0:
000000000000000000000000
000011100000000000000000
000011110000000000000000
000001111100000000000000
000000111110000000000000
000011111111000000000000
000011111111100000000000
000011100011100000000000
000111000001110000000000
000111000001111000000000
000110000000111000000000
000110000000111100000000
000110000000011100000000
000110000000011100000000
000110000000011000000000
000111000000011000000000
000111000000011000000000
000111100000011000000000
000011110000111000000000
000001111111111000000000
000001111111110000000000
000000001111000000000000
000000000000000000000000
000000000000000000000000
000000000000000000000000
000000000000000000000000
000000000000000000000000
000000000000000000000000
000000000000000000000000
000000000000000000000000
000000000000000000000000
000000000000000000000000
000000000000000000000000
000000000000000000000000
000000000000000000000000
000000000000000000000000
start_draw_0:
000000000000000000000000
000000000000000000000000
000000000000000000000000
000000000000000000000000
000000000000000000000000
000000000000000000000000
000000000000000000000000
000000000000000000000000
000000000111000000000000
000000000111100000000000
000000000011111000000000
000000000001111100000000
000000000111111110000000
000000001111001110000000
000000011111000111000000
000000011100000111100000
000000111000000011100000
000001111000000011110000
000001110000000001110000
000001110000000001110000
000011100000000001100000
000011100000000001100000
000011100000000001100000
000011100000000011100000
000011000000000111100000
000011100000001111100000
000011110000011111000000
000001111111111100000000
000000111111111000000000
000000011110000000000000
000000000000000000000000
000000000000000000000000
000000000000000000000000
000000000000000000000000
000000000000000000000000
000000000000000000000000
start_draw_0:
000000000000000000000000
000000000000000000000000
000000000000000111100000
000000000000001111110000
000000000000001111111000
000000000000011110111100
000000000000111100011110
000000000001111000011110
000000000001110000001111
000000000001110000000111
000000000001100000000011
000000000011100000000011
000000000011100000000011
000000000011000000000011
000000000011000000000001
000000000011000000000001
000000000011000000000001
000000000011000000000000
000000000011110000000000
000000000011111101111110
000000000000111111111110
000000000000011111110000
000000000000000000000000
000000000000000000000000
000000000000000000000000
000000000000000000000000
000000000000000000000000
000000000000000000000000
000000000000000000000000
000000000000000000000000
000000000000000000000000
000000000000000000000000
000000000000000000000000
000000000000000000000000
000000000000000000000000
000000000000000000000000
start_draw_0:
000000000000000000000000
000000000000000000000000
000000000000000000000000
000000000000000000000000
000000111000000000000000
000011111110000000000000
001111111110000000000000
001111111110000000000000
001100001110000000000000
001100000111000000000000
001100000111000000000000
111100000011000000000000
111100000011000000000000
100000000011000000000000
100000000011000000000000
100000000111000000000000
100000000111000000000000
110000000111000000000000
111000011110000000000000
111111111110000000000000
011111111100000000000000
000001110000000000000000
000000000000000000000000
000000000000000000000000
000000000000000000000000
000000000000000000000000
000000000000000000000000
000000000000000000000000
000000000000000000000000
000000000000000000000000
000000000000000000000000
000000000000000000000000
000000000000000000000000
000000000000000000000000
000000000000000000000000
000000000000000000000000
start_draw_0:
000000000000000000000000
000000000000000000000000
000000000000000000000000
000000000000000000000000
000000000000011100000000
000000000011111110000000
000000000111111110000000
000000001111111110000000
000000011110111100000000
000000111100011110000000
000001111000001111000000
000011110000000111100000
000011100000000011100000
000111100000000001110000
000111000000000001110000
001111000000000000111000
001110000000000000111000
001100000000000000111000
001100000000000000011100
001100000000000000011100
011100000000000000011000
011100000000000000011000
011100000000000000011000
011100000000000000011000
011100000000000000011000
001110000000000000011000
001110000000000000111000
000111000000000001111000
000111100000000001110000
000011110000001111110000
000001111111111111100000
000000111111111110000000
000000000011110000000000
000000000000000000000000
000000000000000000000000
000000000000000000000000
start_draw_0:
000000000000000000000000
000000000000000000000000
000000000000000000000000
000000000000000000000000
000000000000000000000000
000000000000111100000000
000000000001111110000000
000000000111111111000000
000000000111101111000000
000000000111000011100000
000000001110000011100000
000000001110000001110000
000000011100000001110000
000000011100000000110000
000000011000000000110000
000000011000000000110000
000000111000000000110000
000000111000000000110000
000000111000000000110000
000000110000000001110000
000000111000000001110000
000000111000000011100000
000000111100000011100000
000000011111001111100000
000000011111111111000000
000000000111111100000000
000000000000000000000000
000000000000000000000000
000000000000000000000000
000000000000000000000000
000000000000000000000000
000000000000000000000000
000000000000000000000000
000000000000000000000000
000000000000000000000000
000000000000000000000000
start_draw_0:
000000000000000000000000
000000000000000000000000
000000000000000000000000
000000000000000000000000
000000000000000000000000
000000000000111110000000
000000000001111111110000
000000000011110111111000
000000001111100011111100
000000001111000000011110
000000001110000000001111
000000011100000000000111
000000011100000000000111
000000111000000000000111
000000111000000000000111
000000111000000000000111
000000110000000000000111
000000110000000000001111
000001110000000000001110
000001110000000000001110
000001110000000000001100
000001110000000000001100
000001100000000000001100
000001110000000000001100
000001110000000000011100
000000111000000000011100
000000111000000000111100
000000011100000000111000
000000011111111111111000
000000001111111111111000
000000000011111111100000
000000000000000000000000
000000000000000000000000
000000000000000000000000
000000000000000000000000
000000000000000000000000
start_draw_0:
000000000000000000000000
000000000000000000000000
000000000000000000000000
000000000000000000000000
000000000000000000000000
000000000000000000000000
000000000000000000000000
000000000000000000000000
000000000000000000000000
000000000000111000000000
000000000000111100000000
000000000011111111000000
000000000111111111000000
000000001111110111100000
000000011110110011100000
000000011100000011100000
000000111000000001110000
000001111000000001110000
000001110000000001110000
000001110000000001110000
000011100000000001100000
000011100000000001100000
000011100000000001100000
000111000000000011100000
000111000000000111100000
000111000000000111000000
000110000000001111000000
000111000000011110000000
000111000011111100000000
000111111111111000000000
000111111111100000000000
000000111100000000000000
000000000000000000000000
000000000000000000000000
000000000000000000000000
000000000000000000000000
start_draw_0:
000000000000000000000000
000000000000000000000000
000000001111000000000000
000000001111110000000000
000000011111111000000000
000001111111111100000000
000011111111011110000000
000111100000001110000000
000111000000001110000000
001110000000000110000000
001110000000000110000000
011100000000000110000000
011100000000000110000000
011000000000000110000000
011000000000001110000000
011000000000001110000000
011000000000001110000000
011000000000001100000000
011000000000011100000000
011000000000011100000000
011100000000111000000000
011110000001111000000000
001110000011111000000000
000111111111100000000000
000111111111000000000000
000000000000000000000000
000000000000000000000000
000000000000000000000000
000000000000000000000000
000000000000000000000000
000000000000000000000000
000000000000000000000000
000000000000000000000000
000000000000000000000000
000000000000000000000000
000000000000000000000000
start_draw_0:
000000000000000000000000
000000000000000000000000
000000000000000000000000
000000000000000000000000
000000000000000000000000
000000000000000000000000
000000000000000000000000
000000000000000000000000
000000000000000000000000
000000000001111100000000
000000000001111110000000
000000000000001111100000
000000000000000111100000
000000000000001111110000
000000000000111101110000
000000000000111101110000
000000000001111100110000
000000000001110000110000
000000000011110000110000
000000000011100000110000
000000000011100000110000
000000000011000000110000
000000000011000000110000
000000000011000000110000
000000000111000001110000
000000000111000001110000
000000000111000001100000
000000000111100011100000
000000000011100011100000
000000000001111111000000
000000000001111111000000
000000000000011100000000
000000000000000000000000
000000000000000000000000
000000000000000000000000
000000000000000000000000
start_draw_0:
000000000000000000000000
000000000000000000000000
000000000000000000000000
000000000000000000000000
000000111000000000000000
000000111111000000000000
000001111111000000000000
000011110111100000000000
000011100011110000000000
000011100001110000000000
000011000000111000000000
000011000000111000000000
000011000000111000000000
000011000000011000000000
000011100000011000000000
000011100000111000000000
000011110000111000000000
000001111101110000000000
000000111111110000000000
000000011111100000000000
000000000000000000000000
000000000000000000000000
000000000000000000000000
000000000000000000000000
000000000000000000000000
000000000000000000000000
000000000000000000000000
000000000000000000000000
000000000000000000000000
000000000000000000000000
000000000000000000000000
000000000000000000000000
000000000000000000000000
000000000000000000000000
000000000000000000000000
000000000000000000000000
start_draw_0:
000000000000000000000000
000000000000000000000000
000000000000000000000000
000000000000001100000000
000000000000001111000000
000000000000001111100000
000000000000011111110000
000000000000111111111000
000000000001111111111000
000000000011110011111100
000000000011100000011100
000000000011100000011100
000000000011000000001110
000000000111000000001110
000000000111000000001100
000000000110000000001100
000000000110000000011100
000000000110000000011100
000000000110000000111100
000000000110000001111000
000000000111000011110000
000000000111001111100000
000000000011111111000000
000000000011111110000000
000000000000000000000000
000000000000000000000000
000000000000000000000000
000000000000000000000000
000000000000000000000000
000000000000000000000000
000000000000000000000000
000000000000000000000000
000000000000000000000000
000000000000000000000000
000000000000000000000000
000000000000000000000000
start_draw_0:
000000000000000000000000
000000000000000000000000
000000000000000000000000
000000000000000000000000
000000000000000000000000
000000000000000000000000
000000000000000000000000
000011111100000000000000
000111111111000000000000
001111111111000000000000
011111111111000000000000
011110011100000000000000
011100011100000000000000
011000011100000000000000
011000011100000000000000
011000111000000000000000
011001111000000000000000
011011111000000000000000
011111110000000000000000
011111100000000000000000
000000000000000000000000
000000000000000000000000
000000000000000000000000
000000000000000000000000
000000000000000000000000
000000000000000000000000
000000000000000000000000
000000000000000000000000
000000000000000000000000
000000000000000000000000
000000000000000000000000
000000000000000000000000
000000000000000000000000
000000000000000000000000
000000000000000000000000
000000000000000000000000
start_draw_0:
000000000000000000000000
000000000000000000000000
000000000000000000000000
000000000000000000000000
000000000000001110000000
000000000011111111100000
000000000111111111100000
000000000111000001100000
000000001111000001100000
000000001110000011000000
000000011100000011100000
000000011100000011100000
000000011100000001110000
000000011000000001110000
000000011000000001110000
000000011000000001110000
000000011000000001110000
000000011000000001110000
000000011100000011110000
000000011111001111100000
000000011111111111000000
000000000011111110000000
000000000000000000000000
000000000000000000000000
000000000000000000000000
000000000000000000000000
000000000000000000000000
000000000000000000000000
000000000000000000000000
000000000000000000000000
000000000000000000000000
000000000000000000000000
000000000000000000000000
000000000000000000000000
000000000000000000000000
000000000000000000000000
start_draw_0:
000000000000000000000000
000000000000000000000000
000000000000000000000000
000000000000000000000000
000000000000000000000000
000000000000000000000000
000000000000000000000000
000000000000000000000000
000000000000000000000000
000000000000000000000000
000000000000000000000000
000000000000000000000000
000000000000000000000000
000000000000000000000000
000000000000000000000000
000000000000000000000000
000000000001110000000000
000000000001111000000000
000000000000111100000000
000000000001111110000000
000000000111111110000000
000000000111111110000000
000000001111000110000000
000000001110000110000000
000000011100000110000000
000000011100000110000000
000000011000000110000000
000000011000000110000000
000000011000000110000000
000000011000001110000000
000000011000001110000000
000000011000011110000000
000000011100111100000000
000000011111111000000000
000000001111110000000000
000000000000000000000000
start_draw_0:
000000000000000000000000
000000000000000000000000
000000000000000000000000
000000001111000000000000
000000011111100000000000
000000111111100000000000
000001111000000000000000
000011110000000000000000
000011100000011100000000
000111100000011110000000
000111000000001110000000
000110000000001110000000
000110000000000110000000
000110000000000110000000
001110000000000110000000
001110000000000110000000
001110000000001110000000
001110000000011110000000
001111000000011100000000
000111000001111100000000
000011111111111000000000
000011111111110000000000
000000111110000000000000
000000000000000000000000
000000000000000000000000
000000000000000000000000
000000000000000000000000
000000000000000000000000
000000000000000000000000
000000000000000000000000
000000000000000000000000
000000000000000000000000
000000000000000000000000
000000000000000000000000
000000000000000000000000
000000000000000000000000
start_draw_0:
000000000000000000000000
000000000000000000000000
000000000000000000000000
000000000000000000000000
000000000000000000000000
000000000000001111000000
000000000001111111110000
000000000011111111111000
000000000011100000111000
000000000111100000011000
000000001111000000011100
000000001110000000011100
000000001110000000011100
000000001100000000001100
000000001100000000001100
000000011100000000001100
000000011100000000001100
000000011100000000001100
000000011100000000011100
000000011110000000011100
000000001110000000111000
000000001111100001111000
000000000111111111110000
000000000011111111100000
000000000000011100000000
000000000000000000000000
000000000000000000000000
000000000000000000000000
000000000000000000000000
000000000000000000000000
000000000000000000000000
000000000000000000000000
000000000000000000000000
000000000000000000000000
000000000000000000000000
000000000000000000000000
start_draw_0:
000000000000000000000000
000000000000000000000000
000000000000000000000000
000000000000000000000000
000000000000000000000000
000000000000000000000000
000000000000000000000000
000000000000000000000000
000000000000000000000000
000000000000000000000000
000000000000000000000000
000000000000000000000000
000000000000000000000000
000000000000000000000000
000000000000000000000000
000000000000000000000000
000000001111110000000000
000000011111111000000000
000000111110111100000000
000000111110011100000000
000001110000011100000000
000001110000001100000000
000001110000001100000000
000001110000001100000000
000001100000001100000000
000001100000001100000000
000001100000011100000000
000001100000011100000000
000001110000111100000000
000001111001111000000000
000001111111110000000000
000000111111100000000000
000000001111000000000000
000000000000000000000000
000000000000000000000000
000000000000000000000000
start_draw_0:
000000000000000000000000
000001111000000000000000
000011111100000000000000
000111111110000000000000
000111001111000000000000
000111000111000000000000
001110000111100000000000
001110000011100000000000
001110000011100000000000
001100000001100000000000
001100000001100000000000
001100000001100000000000
001100000001110000000000
001100000001110000000000
001100000001110000000000
001100000001110000000000
001110000011100000000000
001110000011100000000000
000111101111100000000000
000111111111000000000000
000011111110000000000000
000000111000000000000000
000000000000000000000000
000000000000000000000000
000000000000000000000000
000000000000000000000000
000000000000000000000000
000000000000000000000000
000000000000000000000000
000000000000000000000000
000000000000000000000000
000000000000000000000000
000000000000000000000000
000000000000000000000000
000000000000000000000000
000000000000000000000000
start_draw_0:
000000000000000000000000
000000000000000000000000
000000000000000000000000
000000000000000000000000
000000000000000000000000
000000000000000000000000
000000000000000000000000
000000000000000000000000
000000000000000000000000
000000000000000000000000
000000000000000000000000
000000000000000000000000
000000000000000000000000
000000000000000000000000
000000000000000000000000
000000000000011100000000
000000000000011110000000
000000000000011111000000
000000000000111111000000
000000000001111111100000
000000000001110011110000
000000000001100001110000
000000000001100000111000
000000000011100000111000
000000000011100000111000
000000000011100000011100
000000000011100000011100
000000000011100000011100
000000000011100000011100
000000000001100000011100
000000000001100000011000
000000000001110000111000
000000000001111001111000
000000000000111111110000
000000000000011111100000
000000000000000000000000
start_draw_0:
000000000000000000000000
000000000000000000000000
000000000000000000000000
000000000000000000000000
000000000000000000000000
000000001111000000000000
000000001111100000000000
000000000111110000000000
000000000111111100000000
000000000111111110000000
000000001111011110000000
000000011110001110000000
000000011100000111000000
000000111000000111000000
000000111000000111000000
000000111000000011000000
000001110000000011000000
000001110000000011000000
000001100000000011000000
000001100000000011000000
000001100000000011000000
000001100000000011000000
000001100000000111000000
000001110000001111000000
000001110000001110000000
000001111000111110000000
000000111111111100000000
000000011111111000000000
000000000111000000000000
000000000000000000000000
000000000000000000000000
000000000000000000000000
000000000000000000000000
000000000000000000000000
000000000000000000000000
000000000000000000000000
start_draw_0:
000000000000000000000000
000000000000000000000000
000000000000000000000000
000000011111110000000000
000000111111111110000000
000001111101111111000000
000011110000011111000000
000011100000011111000000
000011100000001110000000
000111000000001110000000
000111000000000111000000
000111000000000111000000
000110000000000111000000
000110000000000011000000
000110000000000011000000
000110000000000011000000
000110000000000011000000
000110000000000111000000
000111000000000111000000
000111100000000111000000
000111110000001110000000
000011111101111110000000
000001111111111100000000
000000011111110000000000
000000000000000000000000
000000000000000000000000
000000000000000000000000
000000000000000000000000
000000000000000000000000
000000000000000000000000
000000000000000000000000
000000000000000000000000
000000000000000000000000
000000000000000000000000
000000000000000000000000
000000000000000000000000
start_draw_0:
000000000000000000000000
000000000000000000000000
000000000000000000000000
000000000000000000000000
000000000000000000000000
000000000000000000000000
000000000000000000000000
000000000000000000000000
000000000000000000000000
000000000000000000000000
000000000000000000000000
000000000111000000000000
000000000111100000000000
000000000111111000000000
000000000001111100000000
000000000011111110000000
000000000011111111000000
000000000011100111000000
000000000111000111100000
000000000111000011100000
000000000111000001110000
000000000110000001110000
000000000110000000110000
000000000110000000110000
000000000110000000110000
000000000110000000110000
000000000110000000110000
000000000110000000110000
000000000110000000110000
000000000111000001110000
000000000111100011110000
000000000011110111110000
000000000011111111100000
000000000001111111000000
000000000000000000000000
000000000000000000000000
start_draw_0:
000000000000000000000000
000000000000000000000000
000000000000000000000000
000000000000000000000000
000111000000000000000000
000111100000000000000000
000011111000000000000000
000001111100000000000000
000011111100000000000000
000111111110000000000000
001111101111000000000000
001111000111000000000000
011110000111000000000000
011100000011100000000000
011000000011100000000000
111000000011100000000000
111000000001100000000000
110000000001100000000000
110000000001100000000000
110000000011100000000000
110000000011100000000000
111000000111100000000000
111100001111000000000000
111111111110000000000000
001111111100000000000000
000011100000000000000000
000000000000000000000000
000000000000000000000000
000000000000000000000000
000000000000000000000000
000000000000000000000000
000000000000000000000000
000000000000000000000000
000000000000000000000000
000000000000000000000000
000000000000000000000000
start_draw_0:
000000000000000000000000
000000000000000000000000
000000000000000000000000
000000000000000000000000
000000000000000000000000
000000000000000000000000
000000000000000000000000
000000000000000000000000
000000000000000000000000
000000000000001111000000
000000000000111111100000
000000000011111111110000
000000000011111001111000
000000000111100000111000
000000001111000000111100
000000001110000000011100
000000011110000000011100
000000011100000000001100
000000011000000000001100
000000011000000000001100
000000011000000000011100
000000011000000000011100
000000011100000000011100
000000011110000000011000
000000011111000001111000
000000001111100111111000
000000000111111111100000
000000000011111111000000
000000000000000000000000
000000000000000000000000
000000000000000000000000
000000000000000000000000
000000000000000000000000
000000000000000000000000
000000000000000000000000
000000000000000000000000
start_draw_0:
000000000000000000000000
000000000000000000000000
000000000000000000000000
000000000000000000000000
000000000000000000000000
000000000000000000000000
000000000000000000000000
000000000000000000000000
000000000000000000000000
000000000011100000000000
000000000111100000000000
000000000111110000000000
000000001111110000000000
000000001111110000000000
000000011100111000000000
000000011100111000000000
000000011100111000000000
000000011000011000000000
000000111000011000000000
000000111000011000000000
000000111000111000000000
000000111000111000000000
000000111001111000000000
000000011111110000000000
000000011111100000000000
000000001111000000000000
000000000000000000000000
000000000000000000000000
000000000000000000000000
000000000000000000000000
000000000000000000000000
000000000000000000000000
000000000000000000000000
000000000000000000000000
000000000000000000000000
000000000000000000000000
start_draw_0:
000000000000000000000000
000000000000000000000000
000000000000000000000000
000000000000000000000000
000000000000000000000000
000000111100000000000000
000001111111000000000000
000001111111100000000000
000001110111110000000000
000011100001110000000000
000011100001111000000000
000011000000111000000000
000011000000111000000000
000111000000011000000000
000111000000011000000000
000111000000111000000000
000111000000111000000000
000111100011110000000000
000011111111110000000000
000001111111000000000000
000000000000000000000000
000000000000000000000000
000000000000000000000000
000000000000000000000000
000000000000000000000000
000000000000000000000000
000000000000000000000000
000000000000000000000000
000000000000000000000000
000000000000000000000000
000000000000000000000000
000000000000000000000000
000000000000000000000000
000000000000000000000000
000000000000000000000000
000000000000000000000000
start_draw_0:
000000000000000000000000
000000000000000000000000
000000000000000000000000
000000000000000000000000
000000000000011000000000
000000000000111100000000
000000000000111100000000
000000000000110110000000
000000000001110111000000
000000000001110111100000
000000000001100011110000
000000000001100001110000
000000000001100001110000
000000000001100000110000
000000000011100000110000
000000000011100001110000
000000000011100001110000
000000000011100001110000
000000000011100001110000
000000000011100011100000
000000000001100011100000
000000000001100111100000
000000000001110111000000
000000000001111110000000
000000000000111110000000
000000000000000000000000
000000000000000000000000
000000000000000000000000
000000000000000000000000
000000000000000000000000
000000000000000000000000
000000000000000000000000
000000000000000000000000
000000000000000000000000
000000000000000000000000
000000000000000000000000
start_draw_0:
000000000000000000000000
000000000000000000000000
000000000000000000000000
000000000000000000000000
000000000000000000000000
000000000000000000000000
000000000000000000000000
000000000000000000000000
000000000000000000000000
000000000000000000000000
000000000000000000000000
000000000000000000000000
000000000000000000000000
000000000000000000000000
000000000000000000000000
000000000000000000000000
000000000000000000000000
000000000000000000000000
000000000111110000000000
000000001111110000000000
000000111111011000000000
000000111100011000000000
000001111000011000000000
000011110000011000000000
000011100000011000000000
000011100000011000000000
000011000000011000000000
000011000000011000000000
000111000000111000000000
000111000000111000000000
000111100001110000000000
000011100011110000000000
000011111111100000000000
000001111111100000000000
000000111110000000000000
000000000000000000000000
start_draw_0:
000000000000000000000000
000000000000000000000000
000000000000000000000000
000000000000000000000000
000000000000000000000000
000000000000000000000000
000000000000000000000000
000000000000000000000000
000000000000000000000000
000000000000000000000000
000000000000000000000000
000000000000000000000000
000000000000000000000000
000000000000000000000000
000000000000000000000000
000000000000000000000000
000000000000000001110000
000000000000000001111000
000000000000000001111100
000000000000000111111110
000000000000001111101111
000000000000011111100111
000000000000011100000111
000000000000011100000011
000000000000011000000011
000000000000011000000011
000000000000011000000011
000000000000011100000011
000000000000011100000011
000000000000011110000111
000000000000001111111111
000000000000000111111110
000000000000000011111100
000000000000000000000000
000000000000000000000000
000000000000000000000000
start_draw_0:
000000000000000000000000
000000000000000000000000
000000000000000000000000
000000111100000000000000
000000111100000000000000
000001111110000000000000
000001111111000000000000
000001100111100000000000
000011100011100000000000
000011100011110000000000
000011100001110000000000
000011000001110000000000
000011000000110000000000
000011000000110000000000
000011000000111000000000
000011000000111000000000
000011100000111000000000
000011100000110000000000
000011100001110000000000
000001110011110000000000
000001111111110000000000
000000111111100000000000
000000001110000000000000
000000000000000000000000
000000000000000000000000
000000000000000000000000
000000000000000000000000
000000000000000000000000
000000000000000000000000
000000000000000000000000
000000000000000000000000
000000000000000000000000
000000000000000000000000
000000000000000000000000
000000000000000000000000
000000000000000000000000
start_draw_0:
000000000000000000000000
000000000000000000000000
000000000000000000000000
000000000000000000000000
000000000000000000000000
000000000000000000000000
000000000000111100000000
000000000001111110000000
000000000011111111000000
000000000111100111100000
000000000111100011110000
000000001111000001110000
000000001110000000110000
000000001110000000111000
000000011100000000111000
000000011100000000111000
000000011000000000111000
000000011000000001110000
000000011000000001110000
000000011000000011100000
000000011100001111100000
000000011110011111000000
000000001111111110000000
000000000111111000000000
000000000000000000000000
000000000000000000000000
000000000000000000000000
000000000000000000000000
000000000000000000000000
000000000000000000000000
000000000000000000000000
000000000000000000000000
000000000000000000000000
000000000000000000000000
000000000000000000000000
000000000000000000000000
start_draw_0:
000000000000000000000000
000000000000000000000000
000000000000000000000000
000000000000000000000000
000000000000000000000000
000000000000000000000000
000000000000000000000000
000000000000000000000000
000000000000000000000000
000000000000000000000000
000000000000000000000000
000000000000000000000000
000000000000000000000000
000000000000000000000000
000000000000000000000000
000000011100000000000000
000000011100000000000000
000000111111000000000000
000000111011100000000000
000000111011110000000000
000001110001110000000000
000001110001111000000000
000001110000111000000000
000001110000111000000000
000001100000011000000000
000001100000011000000000
000001110000111000000000
000001110000111000000000
000001110000111000000000
000001111001110000000000
000000111111110000000000
000000011111110000000000
000000011111000000000000
000000000000000000000000
000000000000000000000000
000000000000000000000000
start_draw_0:
000000000000000000000000
000000000000000000000000
000000000000000000000000
000000000000000000000000
000000000000000000000000
000111111000000000000000
001111111100000000000000
001110111111000000000000
001110000111100000000000
011100000111111000000000
011100000001111000000000
011100000000011000000000
011000000000011100000000
011000000000011100000000
011100000000011100000000
011100000000011100000000
011100000000011000000000
001110000000111000000000
001110000001111000000000
000111110011110000000000
000111111111100000000000
000001111111000000000000
000000000000000000000000
000000000000000000000000
000000000000000000000000
000000000000000000000000
000000000000000000000000
000000000000000000000000
000000000000000000000000
000000000000000000000000
000000000000000000000000
000000000000000000000000
000000000000000000000000
000000000000000000000000
000000000000000000000000
000000000000000000000000
start_draw_0:
000000000000000000000000
000000000000000000000000
000000000000000000000000
000000000000000000000000
000000000000000000000000
000000000000000000000000
000000000000000001111000
000000000000000011111000
000000000000000111111111
000000000000000111111111
000000000000001110000111
000000000000001110000011
000000000000011100000001
000000000000011100000000
000000000000011000000000
000000000000111000000001
000000000000111000000011
000000000000111000000011
000000000000110000000011
000000000000110000000111
000000000000110000001111
000000000000110000001110
000000000000110000011110
000000000000111000111100
000000000000111000111000
000000000000111001110000
000000000000011111111000
000000000000011111111000
000000000000001111100000
000000000000001111000000
000000000000000000000000
000000000000000000000000
000000000000000000000000
000000000000000000000000
000000000000000000000000
000000000000000000000000
start_draw_0:
000000000000000000000000
000000000000000000000000
000000000000000000000000
000000111000000000000000
000000111000000000000000
000000111100000000000000
000000111100000000000000
000000111110000000000000
000001111110000000000000
000001111110000000000000
000001100110000000000000
000011100110000000000000
000011100110000000000000
000011101110000000000000
000011001110000000000000
000011001110000000000000
000011011100000000000000
000011111100000000000000
000011111000000000000000
000001110000000000000000
000000000000000000000000
000000000000000000000000
000000000000000000000000
000000000000000000000000
000000000000000000000000
000000000000000000000000
000000000000000000000000
000000000000000000000000
000000000000000000000000
000000000000000000000000
000000000000000000000000
000000000000000000000000
000000000000000000000000
000000000000000000000000
000000000000000000000000
000000000000000000000000
start_draw_0:
000000000000000000000000
000000000000000000000000
000000000000000000000000
000000000000000000000000
000000000000000000000000
000000000000000000011110
000000000000000001111110
000000000000111111111111
000000000001111111100111
000000000001111111100011
000000000011110000000011
000000000011100000000011
000000000011000000000001
000000000011000000000011
000000000011000000000011
000000000011000000000011
000000000011100000000111
000000000011100000001111
000000000011110000011110
000000000001111111111100
000000000000111111111000
000000000000011111110000
000000000000000000000000
000000000000000000000000
000000000000000000000000
000000000000000000000000
000000000000000000000000
000000000000000000000000
000000000000000000000000
000000000000000000000000
000000000000000000000000
000000000000000000000000
000000000000000000000000
000000000000000000000000
000000000000000000000000
000000000000000000000000
start_draw_0:
000000000000000000000000
000000000000000000000000
000000000000000000000000
000000000000000000000000
000000000011000000000000
000000001111110000000000
000000011111110000000000
000001111101110000000000
000001111001110000000000
000011110001110000000000
000011100000110000000000
000011100000110000000000
000111000000110000000000
000111000000110000000000
000110000000110000000000
000110000000110000000000
000110000000110000000000
000111000000110000000000
000111000000110000000000
000111000000110000000000
000011100001110000000000
000011110001110000000000
000001111111110000000000
000000111111100000000000
000000011111000000000000
000000000000000000000000
000000000000000000000000
000000000000000000000000
000000000000000000000000
000000000000000000000000
000000000000000000000000
000000000000000000000000
000000000000000000000000
000000000000000000000000
000000000000000000000000
000000000000000000000000
start_draw_0:
000000000000000000000000
000000000000000000000000
000000000000000000000000
000000000000000000000000
000000000000000000000000
000000000011100000000000
000000001111111000000000
000000111111111100000000
000000111111111100000000
000001111111111100000000
000001111011111000000000
000011110000111100000000
000011100000011110000000
000011100000001110000000
000111000000001111000000
000111000000000111000000
001110000000000011000000
001110000000000011000000
001110000000000011000000
001100000000000011000000
001100000000000011000000
001100000000000011000000
001100000000000011000000
001100000000000011000000
001100000000000011000000
001110000000000011000000
001110000000000011000000
001111000000000111000000
000111100000000111000000
000011100000000111000000
000011111000001110000000
000001111111111110000000
000000011111111110000000
000000000011110000000000
000000000000000000000000
000000000000000000000000
start_draw_0:
000000000000000000000000
000000000000000000000000
000000000000000000000000
000000000000000000000000
000000000000000000000000
000000000000000000000000
000000000000000000000000
000000000000000000000000
000000000000000000000000
000000000000000000000000
000000000000000000000000
000000000000000000000000
000000000000000000000000
000000000000000000000000
000000000000000000000000
000000000000000111111100
000000000000011111111100
000000000000111110111100
000000000001111000011110
000000000001110000001110
000000000011110000001111
000000000011100000000111
000000000011100000000111
000000000011000000000111
000000000011000000000111
000000000011000000000111
000000000011100000000111
000000000011100000000111
000000000001110000000111
000000000001110000000111
000000000000111000000111
000000000000111100000110
000000000000011110000110
000000000000011111100110
000000000000000111111110
000000000000000011111110
start_draw_0:
000000000000000000000000
000000000000000000000000
000000000000000000000000
000000000000000000000000
000000000000000000000000
000000000000000000000000
000000001111111000000000
000000001111111110000000
000000001111111111000000
000000011110001111100000
000000011110000111100000
000000011100000011100000
000000011000000001100000
000000011000000001100000
000000011000000001100000
000000011000000001100000
000000011000000011100000
000000011100000011100000
000000011100000011100000
000000011110000011100000
000000001111001111000000
000000001111111111000000
000000000111111110000000
000000000000111100000000
000000000000000000000000
000000000000000000000000
000000000000000000000000
000000000000000000000000
000000000000000000000000
000000000000000000000000
000000000000000000000000
000000000000000000000000
000000000000000000000000
000000000000000000000000
000000000000000000000000
000000000000000000000000
start_draw_0:
000000000000000000000000
000000001111000000000000
000000001111100000000000
000000111111110000000000
000001111111110000000000
000001111000111000000000
000011110000111000000000
000111100000011000000000
000111000000011000000000
000110000000111000000000
001110000000111000000000
001110000000111000000000
001110000000111000000000
001110000000110000000000
001110000000110000000000
000110000001110000000000
000111000001110000000000
000111100011100000000000
000111110111100000000000
000011111111000000000000
000001111111000000000000
000000000000000000000000
000000000000000000000000
000000000000000000000000
000000000000000000000000
000000000000000000000000
000000000000000000000000
000000000000000000000000
000000000000000000000000
000000000000000000000000
000000000000000000000000
000000000000000000000000
000000000000000000000000
000000000000000000000000
000000000000000000000000
000000000000000000000000
start_draw_0:
000000000000000000000000
000000000000000000000000
000000000000000000000000
000000000000000000000000
000000000000000000000000
000000000000000000000000
000000000000000000000000
000000000000000000000000
000000000000000000000000
000000000000000000000000
000000000000000000000000
000000000000000000000000
000000000000000000000000
000000000000000000000000
000000000000000000000000
000000000000000000000000
000000000011111100000000
000000000111111110000000
000000001111001111000000
000000001110000111000000
000000011110000011100000
000000011100000011100000
000000011000000001110000
000000011000000001110000
000000111000000001110000
000000111000000001110000
000000111000000001110000
000000111000000001110000
000000011000000001110000
000000011100000011110000
000000011110000111100000
000000001111101111000000
000000001111111111000000
000000000011111110000000
000000000000000000000000
000000000000000000000000
start_draw_0:
000000000000000000000000
000000000000000000000000
000000000000000000000000
000000000000000000000000
000000000000011111100000
000000000000011111100000
000000000000011111110000
000000000000001111111000
000000000000011100111000
000000000000011100111100
000000000000111000011100
000000000000111000011100
000000000001110000001100
000000000001110000001100
000000000001110000001100
000000000001100000001100
000000000001100000001100
000000000001100000001100
000000000001100000001100
000000000001110000011100
000000000001111000011100
000000000000111100011100
000000000000011111111000
000000000000001111111000
000000000000000111110000
000000000000000000000000
000000000000000000000000
000000000000000000000000
000000000000000000000000
000000000000000000000000
000000000000000000000000
000000000000000000000000
000000000000000000000000
000000000000000000000000
000000000000000000000000
000000000000000000000000
start_draw_0:
000000000000000000000000
000000000000000000000000
000000000000000000000000
000000000000000000000000
000000000000000000000000
000000000000000000000000
000000000011110000000000
000000000111110000000000
000000001111110000000000
000000001110111000000000
000000011110111000000000
000000011100011000000000
000000111000011000000000
000000111000011000000000
000000111000011000000000
000000110000011000000000
000000110000111000000000
000000110000111000000000
000000111001111000000000
000000111111110000000000
000000111111100000000000
000000000000000000000000
000000000000000000000000
000000000000000000000000
000000000000000000000000
000000000000000000000000
000000000000000000000000
000000000000000000000000
000000000000000000000000
000000000000000000000000
000000000000000000000000
000000000000000000000000
000000000000000000000000
000000000000000000000000
000000000000000000000000
000000000000000000000000
start_draw_0:
000000000000000000000000
000000000000000000000000
000000000000000000000000
000000000000000000000000
000000000000000000000000
000000000000000000000000
000000000000000011100000
000000000000000111111000
000000000000001111111000
000000000000001111111100
000000000000001110011100
000000000000011100011100
000000000000011100001100
000000000000011100001110
000000000000011100001110
000000000000011000001110
000000000000011100001110
000000000000011100001100
000000000000001100001100
000000000000001110011100
000000000000001111011100
000000000000000111111100
000000000000000011111000
000000000000000000000000
000000000000000000000000
000000000000000000000000
000000000000000000000000
000000000000000000000000
000000000000000000000000
000000000000000000000000
000000000000000000000000
000000000000000000000000
000000000000000000000000
000000000000000000000000
000000000000000000000000
000000000000000000000000
start_draw_0:
000000000000000000000000
000000000000000000000000
000000000000000000000000
000000000000000000000000
000000111100000000000000
000000111111000000000000
000001111111100000000000
000001110111100000000000
000001110011110000000000
000001100001111000000000
000001100000111000000000
000001100000111000000000
000011100000011000000000
000011100000011000000000
000011100000011000000000
000011100000011000000000
000011100000011000000000
000011100000111000000000
000011110000111000000000
000001111111111000000000
000000111111110000000000
000000001111000000000000
000000000000000000000000
000000000000000000000000
000000000000000000000000
000000000000000000000000
000000000000000000000000
000000000000000000000000
000000000000000000000000
000000000000000000000000
000000000000000000000000
000000000000000000000000
000000000000000000000000
000000000000000000000000
000000000000000000000000
000000000000000000000000
start_draw_0:
000000000000000000000000
000000000000000000000000
000000000000000000000000
000000000000000000000000
000000000000000000000000
000000000000000000000000
000000000000000000000000
000000000000000000000000
000000000000000000000000
000000000000000000000000
000000000000000000000000
000000000000000000000000
000000000000000000000000
000011100000000000000000
000011111000000000000000
000001111000000000000000
000000111100000000000000
000001111110000000000000
000001111111000000000000
000001110111000000000000
000011100011100000000000
000011100011100000000000
000011100001110000000000
000011000001110000000000
000011000000110000000000
000011000000110000000000
000011100000110000000000
000011100001110000000000
000001110011110000000000
000001111111100000000000
000000111111000000000000
000000001110000000000000
000000000000000000000000
000000000000000000000000
000000000000000000000000
000000000000000000000000
start_draw_0:
000000000000000000000000
000000000000000000000000
000000000000000000000000
000000000000000000000000
000000000000000000000000
000000000000000000000000
000000000000000000000000
000000000000000000000000
000000000000000000000000
000000000000000000000000
000000000000000000000000
000000000000000000000000
000000000000000000000000
000000000000000000000000
000000000000000011100000
000000000000000011110000
000000000000000001111100
000000000000000011111110
000000000000000111101110
000000000000000111001110
000000000000000111000111
000000000000001110000111
000000000000001110000111
000000000000001100000011
000000000000001100000011
000000000000001100000011
000000000000001110000011
000000000000001111000011
000000000000000111000011
000000000000000111110011
000000000000000011111111
000000000000000000111111
000000000000000000000000
000000000000000000000000
000000000000000000000000
000000000000000000000000
start_draw_0:
000000000000000000000000
000000000000000000000000
000000000000000000000000
000000000000000000000000
000000000000000000000000
000000000000000000000000
000000000001111110000000
000000000111111111000000
000000000111101111000000
000000001111000111000000
000000001110000011000000
000000001110000011000000
000000001100000011000000
000000001100000011000000
000000001100000011000000
000000001100000111000000
000000001110000111000000
000000001110000111000000
000000001111000110000000
000000001111001110000000
000000000111101110000000
000000000011111110000000
000000000001111100000000
000000000000000000000000
000000000000000000000000
000000000000000000000000
000000000000000000000000
000000000000000000000000
000000000000000000000000
000000000000000000000000
000000000000000000000000
000000000000000000000000
000000000000000000000000
000000000000000000000000
000000000000000000000000
000000000000000000000000
start_draw_0:
000000000000000000000000
000000000000000000000000
000000000000000000000000
000000000000000000000000
000001111000000000000000
001111111000000000000000
011111011100000000000000
011110011110000000000000
111000001110000000000000
111000001110000000000000
111000001110000000000000
110000001110000000000000
110000001110000000000000
110000001110000000000000
111000001110000000000000
111100001110000000000000
011110011100000000000000
011111111100000000000000
001111111100000000000000
000000000000000000000000
000000000000000000000000
000000000000000000000000
000000000000000000000000
000000000000000000000000
000000000000000000000000
000000000000000000000000
000000000000000000000000
000000000000000000000000
000000000000000000000000
000000000000000000000000
000000000000000000000000
000000000000000000000000
000000000000000000000000
000000000000000000000000
000000000000000000000000
000000000000000000000000
start_draw_0:
000000000000000000000000
000000000000000000000000
000000000000000000000000
000000000000111000000000
000000000000111100000000
000000000000111110000000
000000000000111111000000
000000000000111111000000
000000000001110111100000
000000000001110011100000
000000000001100001110000
000000000001100001110000
000000000001100001110000
000000000001100000110000
000000000001100000110000
000000000001110001110000
000000000001111111110000
000000000001111111100000
000000000000011111000000
000000000000000000000000
000000000000000000000000
000000000000000000000000
000000000000000000000000
000000000000000000000000
000000000000000000000000
000000000000000000000000
000000000000000000000000
000000000000000000000000
000000000000000000000000
000000000000000000000000
000000000000000000000000
000000000000000000000000
000000000000000000000000
000000000000000000000000
000000000000000000000000
000000000000000000000000
start_draw_0:
000000000000000000000000
000000000000000000000000
000000000000000000000000
000000000000000000000000
000000011110000000000000
000001111110000000000000
000011111000000000000000
000011111000000000000000
000111111100000000000000
000111011110000000000000
001111001110000000000000
001110001111000000000000
001110000111000000000000
001100000111000000000000
001100000011000000000000
001100000011000000000000
011100000011100000000000
011100000011100000000000
011100000011000000000000
001100000011000000000000
001110000011000000000000
001111000011000000000000
001111100111000000000000
000111111111000000000000
000001111110000000000000
000000000000000000000000
000000000000000000000000
000000000000000000000000
000000000000000000000000
000000000000000000000000
000000000000000000000000
000000000000000000000000
000000000000000000000000
000000000000000000000000
000000000000000000000000
000000000000000000000000
start_draw_0:
000000000000000000000000
000000000000000000000000
000000000001111000000000
000000000001111100000000
000000000000011111000000
000000000000111111000000
000000000001111111100000
000000000001111111100000
000000000011100011100000
000000000011100001110000
000000000011100001110000
000000000111000001110000
000000000111000000110000
000000000111000000110000
000000000111000000110000
000000000011100001110000
000000000011100001110000
000000000011111011110000
000000000001111111100000
000000000000111111100000
000000000000000000000000
000000000000000000000000
000000000000000000000000
000000000000000000000000
000000000000000000000000
000000000000000000000000
000000000000000000000000
000000000000000000000000
000000000000000000000000
000000000000000000000000
000000000000000000000000
000000000000000000000000
000000000000000000000000
000000000000000000000000
000000000000000000000000
000000000000000000000000
start_draw_0:
000000000000000000000000
000000000000000000000000
000000000000000000000000
000000000000000000000000
000000000000000000000000
000000000000000000000000
000000000000000000000000
000000000000000000000000
000000000000000000000000
000000000000000000000000
000000000000000000000000
000000000000000000000000
000000000000000000000000
000000000000000000000000
000000000000000000000000
000000000000000000000000
000000000000000000000000
000000000000000000000000
000000011100000000000000
000000111111100000000000
000000111011110000000000
000000111001111000000000
000001110000111000000000
000001110000111100000000
000001110000011100000000
000001100000001110000000
000001100000001110000000
000001100000001110000000
000001100000001110000000
000001100000001110000000
000001110000001110000000
000001111000011110000000
000000111000011100000000
000000111101111100000000
000000011111111000000000
000000011111110000000000
start_draw_0:
000000000000000000000000
000000000000000000000000
000000000000000000000000
000000000000000000000000
000000000000000000000000
000000000000000000000000
000000000000000000000000
000000000000000000000000
000000000000000000000000
000000000000000000000000
000000000000000000000000
000000000000000000000000
000000000000000000000000
000000000000000000000000
000000000000000000000000
000000000000000000000000
000000000000000000000000
000000000000111100000000
000000000000111110000000
000000000001111111000000
000000000001110111100000
000000000001110011110000
000000000001100001110000
000000000011100000111000
000000000011100000111000
000000000011100000011000
000000000011000000011000
000000000011000000011000
000000000011000000011000
000000000011100000011000
000000000011110000111000
000000000001110000111000
000000000001111001111000
000000000000111111110000
000000000000011111110000
000000000000000111000000
start_draw_0:
000000000000000000000000
000000000000000000000000
000000000000000000000000
000000000000000000000000
000111000000000000000000
000111100000000000000000
000011111000000000000000
000111111100000000000000
000111111110000000000000
000111001110000000000000
000110001111000000000000
000110000111000000000000
001110000111000000000000
001110000011000000000000
001110000011000000000000
001110000011000000000000
001110000111000000000000
000111000111000000000000
000111001110000000000000
000111111110000000000000
000011111100000000000000
000000000000000000000000
000000000000000000000000
000000000000000000000000
000000000000000000000000
000000000000000000000000
000000000000000000000000
000000000000000000000000
000000000000000000000000
000000000000000000000000
000000000000000000000000
000000000000000000000000
000000000000000000000000
000000000000000000000000
000000000000000000000000
000000000000000000000000
start_draw_0:
000000000000000000000000
000000000000000000000000
000000000000000000000000
000000000000000001110000
000000000000000001111000
000000000000000011111000
000000000000000111111100
000000000000000111011100
000000000000000111001100
000000000000000110001100
000000000000000110001100
000000000000001110001100
000000000000001110011100
000000000000001110011100
000000000000001111111000
000000000000000111111000
000000000000000111110000
000000000000000000000000
000000000000000000000000
000000000000000000000000
000000000000000000000000
000000000000000000000000
000000000000000000000000
000000000000000000000000
000000000000000000000000
000000000000000000000000
000000000000000000000000
000000000000000000000000
000000000000000000000000
000000000000000000000000
000000000000000000000000
000000000000000000000000
000000000000000000000000
000000000000000000000000
000000000000000000000000
000000000000000000000000
start_draw_0:
000000000000000000000000
000000000000000000000000
000000000000000000000000
000000000000000000000000
000000000000000000000000
000000000000000000000000
000000000000000000000000
000000000001111000000000
000000001111111100000000
000000011111011100000000
000000011111011100000000
000000111100001110000000
000000111000001110000000
000001110000001100000000
000001110000001100000000
000001110000011100000000
000001110001111100000000
000001111111111000000000
000000111111110000000000
000000011000000000000000
000000000000000000000000
000000000000000000000000
000000000000000000000000
000000000000000000000000
000000000000000000000000
000000000000000000000000
000000000000000000000000
000000000000000000000000
000000000000000000000000
000000000000000000000000
000000000000000000000000
000000000000000000000000
000000000000000000000000
000000000000000000000000
000000000000000000000000
000000000000000000000000
start_draw_0:
000000000000000000000000
000000000000000000000000
000000000000000000000000
000000000000000000000000
000000000000000000000000
000000000000000000000000
000000000000000000000000
000000000000000000000000
000000000000000000000000
000000000000000000000000
000000000000000000000000
000000000000000000000000
000000000000000000000000
000000000000000000000000
000000000000000000000000
000000000000000000000000
000000011100000000000000
000001111110000000000000
000111111110000000000000
000111111111000000000000
000111000111000000000000
000110000011100000000000
001110000011100000000000
001110000011100000000000
001110000001100000000000
000110000001100000000000
000110000001100000000000
000111000001100000000000
000111000011100000000000
000011100011100000000000
000011111111100000000000
000001111111000000000000
000000011100000000000000
000000000000000000000000
000000000000000000000000
000000000000000000000000
start_draw_0:
000000000000000000000000
000000000000000000000000
000000000000000000000000
000000000000000000000000
000000000000000000000000
000000000000000000000000
000000000000000000000000
000000000000000000000000
000000000000000000000000
000000000000000000000000
000000000000000000000000
000000000000000000000000
000000001111111100000000
000000001111111110000000
000000000000111111000000
000000000000111111110000
000000000000110011110000
000000000000110001110000
000000000000110000111000
000000000000110000111000
000000000000110000011000
000000000000110000011000
000000000000110000011000
000000000000111000011000
000000000000111100111000
000000000000011100111000
000000000000001111111000
000000000000001111110000
000000000000000111110000
000000000000000000000000
000000000000000000000000
000000000000000000000000
000000000000000000000000
000000000000000000000000
000000000000000000000000
000000000000000000000000
start_draw_0:
000000000000000000000000
000000000000000000000000
000000000000000000000000
000011000000000000000000
000111000000000000000000
001111100000000000000000
001111110000000000000000
001111111000000000000000
001100111000000000000000
001100011100000000000000
001100011100000000000000
001100011100000000000000
001100011100000000000000
001110111000000000000000
001111111000000000000000
001111110000000000000000
000000000000000000000000
000000000000000000000000
000000000000000000000000
000000000000000000000000
000000000000000000000000
000000000000000000000000
000000000000000000000000
000000000000000000000000
000000000000000000000000
000000000000000000000000
000000000000000000000000
000000000000000000000000
000000000000000000000000
000000000000000000000000
000000000000000000000000
000000000000000000000000
000000000000000000000000
000000000000000000000000
000000000000000000000000
000000000000000000000000
start_draw_0:
000000000000000000000000
000000000000000000000000
000000000000000000000000
000000000000000000000000
000000000000000000000000
000000000000000000000000
000000000000000000000000
000000000000000000000000
000000000000000000000000
000000000000000000000000
000000000000000000000000
000000000000000000000000
000000000000000000000000
000000000000000000000000
000000000000000000000000
000000000000000000000000
000000000000000000000000
000000000000000000000000
000000000000111000000000
000000000011111100000000
000000001111111110000000
000000011111111110000000
000000111100111110000000
000000111100110111000000
000000111000000111000000
000000110000000111000000
000001110000000111000000
000001110000000111000000
000001111000001110000000
000000111100011110000000
000000111111111110000000
000000001111111000000000
000000000111100000000000
000000000000000000000000
000000000000000000000000
000000000000000000000000
start_draw_0:
000000000000000000000000
000000000000000000000000
000000000000000000000000
000000000000000000000000
000000000000000000000000
000000000000000000000000
000000000001111000000000
000000000111111100000000
000000000111111100000000
000000000111001100000000
000000001110001110000000
000000001110001110000000
000000001110000110000000
000000001100000110000000
000000001100000110000000
000000001100000111100000
000000001100000111100000
000000011100000111100000
000000011100000001100000
000000011100000001100000
000000011100000001100000
000000011100000001100000
000000001100000011100000
000000001110000011100000
000000001111000011100000
000000000111001111000000
000000000111111111000000
000000000011111110000000
000000000000111000000000
000000000000000000000000
000000000000000000000000
000000000000000000000000
000000000000000000000000
000000000000000000000000
000000000000000000000000
000000000000000000000000
start_draw_0:
000000000000000000000000
000000000000000000000000
000000000000000000000000
000000000000000000000000
000000000000000000000000
000000000000000000000000
000000000000000000000000
000000000000011100000000
000000000011111110000000
000000000011111110000000
000000000111101110000000
000000001111000111000000
000000001110000111000000
000000001110000111100000
000000001100000011110000
000000001100000001110000
000000001100000001110000
000000001100000000111000
000000001100000000111000
000000001110000000011100
000000001110000000011100
000000000110000000011100
000000000111000000011100
000000000111110000111000
000000000011111000111000
000000000001111111110000
000000000000111111110000
000000000000000000000000
000000000000000000000000
000000000000000000000000
000000000000000000000000
000000000000000000000000
000000000000000000000000
000000000000000000000000
000000000000000000000000
000000000000000000000000
start_draw_0:
000000000000000000000000
000000000000000000000000
000000000000000000000000
000000111100000000000000
000001111100000000000000
000001111100000000000000
000011111110000000000000
000011101110000000000000
000011001111000000000000
000011000111000000000000
000111000111000000000000
000111000011000000000000
000111000011100000000000
000111000011100000000000
000111000001100000000000
000011000011100000000000
000011100011100000000000
000011110011100000000000
000011110011100000000000
000001111111100000000000
000000111111000000000000
000000011110000000000000
000000000000000000000000
000000000000000000000000
000000000000000000000000
000000000000000000000000
000000000000000000000000
000000000000000000000000
000000000000000000000000
000000000000000000000000
000000000000000000000000
000000000000000000000000
000000000000000000000000
000000000000000000000000
000000000000000000000000
000000000000000000000000
start_draw_0:
000000000000000000000000
000000000000000000000000
000000000000000000000000
000000000000000000000000
000000000000000000000000
000000000000000000000000
000000000000000000000000
000000000000000000000000
000000000000000000000000
000000000000000000000000
000000000000000000000000
000000000000000000000000
000000000000000000000000
000000000001111111100000
000000001111111111100000
000000011111110001100000
000000111110000011000000
000001111100000011000000
000001111000000011100000
000001110000000011100000
000001100000000001100000
000011100000000001100000
000011100000000001100000
000011100000000001100000
000011100000000001100000
000011110000000001100000
000001110000000001100000
000001110000000001100000
000000111000000011100000
000000111100000011100000
000000011110000111100000
000000001111111111000000
000000000111111110000000
000000000001111100000000
000000000000000000000000
000000000000000000000000
start_draw_0:
000000000000000000000000
000000000000000000000000
000000000000000000000000
000000000000000000000000
000000000000000000000000
000000000000000000000000
000000000000000000000000
000000000000111111000000
000000000001111111100000
000000000001110111110000
000000000001100001111000
000000000001100000111100
000000000011100000011100
000000000011100000011110
000000000011100000001110
000000000011100000001110
000000000011100000000110
000000000011100000000110
000000000011000000000110
000000000011100000000110
000000000011100000001110
000000000011100000001110
000000000001110000011100
000000000001110000011100
000000000000111101111100
000000000000111111111000
000000000000001111100000
000000000000000000000000
000000000000000000000000
000000000000000000000000
000000000000000000000000
000000000000000000000000
000000000000000000000000
000000000000000000000000
000000000000000000000000
000000000000000000000000
start_draw_0:
000000000000000000000000
000000111000000000000000
000000111110000000000000
000000111110000000000000
000000111111100000000000
000001111111110000000000
000001110011110000000000
000001110001111000000000
000011100000111000000000
000011100000111000000000
000011100000011000000000
000011000000011000000000
000011000000011000000000
000011000000011000000000
000011000000011000000000
000011000000111000000000
000011100001111000000000
000011100011110000000000
000011111111110000000000
000001111111100000000000
000000011110000000000000
000000000000000000000000
000000000000000000000000
000000000000000000000000
000000000000000000000000
000000000000000000000000
000000000000000000000000
000000000000000000000000
000000000000000000000000
000000000000000000000000
000000000000000000000000
000000000000000000000000
000000000000000000000000
000000000000000000000000
000000000000000000000000
000000000000000000000000
start_draw_0:
000000000000000000000000
000000000000000000000000
000000000000000000000000
000000000000000000000000
000000000000000000000000
000000000000000000000000
000000000000000000000000
000000000000000011111100
000000000000000011111100
000000000000000111111100
000000000000000111111100
000000000000001110011100
000000000000001110011100
000000000000011100001110
000000000000111100001110
000000000000111000001110
000000000000111000001110
000000000000110000001110
000000000000110000001110
000000000000110000001110
000000000000110000001110
000000000000110000011110
000000000000111000111100
000000000000111111111000
000000000000011111111000
000000000000001111100000
000000000000000000000000
000000000000000000000000
000000000000000000000000
000000000000000000000000
000000000000000000000000
000000000000000000000000
000000000000000000000000
000000000000000000000000
000000000000000000000000
000000000000000000000000
start_draw_0:
000000000000000000000000
000000000000000000000000
000000000000000000000000
000000000000000000000000
000000000000000000000000
011111000000000000000000
011111100000000000000000
000011111000000000000000
000001111100000000000000
000001111110000000000000
000001101110000000000000
000011101111000000000000
000011100111000000000000
000011100111100000000000
000011100011100000000000
000011000011100000000000
000011000001100000000000
000011100001100000000000
000011100001110000000000
000011100001110000000000
000011110001110000000000
000001110001110000000000
000001111001110000000000
000000111101100000000000
000000111111100000000000
000000011111100000000000
000000000000000000000000
000000000000000000000000
000000000000000000000000
000000000000000000000000
000000000000000000000000
000000000000000000000000
000000000000000000000000
000000000000000000000000
000000000000000000000000
000000000000000000000000
start_draw_0:
000000000000000000000000
000000000000000000000000
000000000000000000000000
000000000000000000000000
000000000000000000000000
000000000000000000000000
000000000000000000000000
000000000000000000000000
000000000000000000000000
000000000000000000000000
000000000000000000000000
000000000000000000000000
000000000000000000000000
000000000000000000000000
000000000001111111110000
000000000011111111111000
000000001111110111111000
000000011111000011111000
000000011110000001111000
000000111000000000111100
000000111000000000011100
000001111000000000011100
000001110000000000001100
000001110000000000001100
000001100000000000011100
000001100000000000011100
000001100000000000111100
000001110000000000111000
000001110000000000111000
000001111000000001110000
000000111100000111110000
000000111110001111100000
000000011111111111000000
000000001111111100000000
000000000000111000000000
000000000000000000000000
start_draw_0:
000000000000000000000000
000000000000000000000000
000000000000000000000000
000000000000000000000000
000000000000000000000000
000000011111000000000000
000000111111000000000000
000001111111000000000000
000011111000000000000000
000011110111000000000000
000111100111000000000000
000111000111100000000000
000111000011110000000000
001110000001110000000000
001110000001110000000000
001100000000111000000000
001100000000111000000000
001100000000111000000000
001100000000011000000000
001100000000011000000000
001110000000011000000000
001110000000111000000000
000111000000111000000000
000111100000110000000000
000011111011110000000000
000011111111110000000000
000000111111000000000000
000000000000000000000000
000000000000000000000000
000000000000000000000000
000000000000000000000000
000000000000000000000000
000000000000000000000000
000000000000000000000000
000000000000000000000000
000000000000000000000000
start_draw_0:
000000000000000000000000
000000000000000000000000
000000000000000000000000
000000000000000000000000
000000000000000000000000
000000000000000000000000
000000000000000000000000
000000111111110000000000
000001111111110000000000
000011110001110000000000
000111100000111000000000
000111000000111100000000
000111000000011110000000
001110000000001110000000
001110000000001111000000
001110000000000111000000
001110000000000111100000
001110000000000011100000
001100000000000011100000
001110000000000001100000
001110000000000001110000
000111000000000001110000
000111100000000001110000
000011100000000000110000
000011110000000001110000
000001111000000001110000
000001111110000001110000
000000011111000011100000
000000001111111111100000
000000000011111111100000
000000000000000000000000
000000000000000000000000
000000000000000000000000
000000000000000000000000
000000000000000000000000
000000000000000000000000
start_draw_0:
000000000000000000000000
000000000000000000000000
000000000000000000000000
000000000000000000000000
000000000000000000000000
000000000000000000000000
000000000000000000000000
000000000001110000000000
000000000011111110000000
000000000111101111100000
000000000111000111110000
000000001110000011111000
000000001110000000111000
000000001110000000111100
000000011100000000011100
000000011100000000001100
000000011000000000001100
000000011000000000001100
000000011000000000001100
000000111000000000001100
000000111000000000001100
000000111000000000011100
000000111000000000111100
000000011100000001111000
000000011110000011110000
000000001111111111100000
000000000111111111100000
000000000001111100000000
000000000000000000000000
000000000000000000000000
000000000000000000000000
000000000000000000000000
000000000000000000000000
000000000000000000000000
000000000000000000000000
000000000000000000000000
start_draw_0:
000000000000000000000000
000000000000000000000000
000000000000000000000000
000000000000000000000000
000000000000000000000000
000000000000000000000000
000000000000000000000000
000000000001111100000000
000000000111111100000000
000000001111111100000000
000000011110011100000000
000000011100011110000000
000000111100001110000000
000000111000001111000000
000001110000000111100000
000001110000000011100000
000001110000000011100000
000001100000000001110000
000001100000000001110000
000001100000000001110000
000001100000000000110000
000001110000000000110000
000001110000000000110000
000001110000000001110000
000000111000000011110000
000000111110000011100000
000000011111000111100000
000000001111111111000000
000000000011111110000000
000000000000000000000000
000000000000000000000000
000000000000000000000000
000000000000000000000000
000000000000000000000000
000000000000000000000000
000000000000000000000000
start_draw_0:
000000000000000000000000
000000000000000000000000
000000000000000000000000
000000000000000000000000
000000000000000000000000
000000000000000000000000
000000000000000000000000
000000000000001110000000
000000000000011110000000
000000000000111110000000
000000000000111110000000
000000000001111111000000
000000000001110111000000
000000000001110111100000
000000000011100011100000
000000000011100011110000
000000000011000001110000
000000000011000001110000
000000000011000000110000
000000000111000000110000
000000000111000000110000
000000000111000000111000
000000000111000000111000
000000000111000000111000
000000000011100000111000
000000000011100000110000
000000000011111001110000
000000000001111111110000
000000000000111111100000
000000000000000110000000
000000000000000000000000
000000000000000000000000
000000000000000000000000
000000000000000000000000
000000000000000000000000
000000000000000000000000
start_draw_0:
000000000000000000000000
000000000000000000000000
000000000000000000000000
000000000000000000000000
000000000000000000000000
000000011100000000000000
000000011111000000000000
000000001111000000000000
000000001111111110000000
000000001111111111000000
000000001110111111100000
000000001100011111100000
000000011100000011110000
000000011100000001110000
000000011100000000110000
000000011000000000110000
000000011000000000111000
000000011000000000111000
000000011000000000111000
000000011000000000111000
000000011000000001110000
000000011100000001110000
000000011110000001110000
000000001110000111100000
000000001111101111100000
000000000111111111000000
000000000011111100000000
000000000000000000000000
000000000000000000000000
000000000000000000000000
000000000000000000000000
000000000000000000000000
000000000000000000000000
000000000000000000000000
000000000000000000000000
000000000000000000000000
start_draw_0:
000000000000000000000000
000000000000000000000000
000000001110000000000000
000000001111000000000000
000000011111100000000000
000001111111110000000000
000011111001110000000000
000111100000111000000000
000111000000111000000000
001111000000011000000000
011110000000011000000000
011100000000011000000000
011000000000011000000000
011000000000011000000000
011000000000011000000000
011000000000111000000000
011000000000111000000000
011100000001110000000000
011100000001110000000000
011110000111100000000000
001111111111100000000000
001111111111000000000000
000001111100000000000000
000000000000000000000000
000000000000000000000000
000000000000000000000000
000000000000000000000000
000000000000000000000000
000000000000000000000000
000000000000000000000000
000000000000000000000000
000000000000000000000000
000000000000000000000000
000000000000000000000000
000000000000000000000000
000000000000000000000000