start_draw_0:
000000000000000000000000
000000000000000000000000
000000110000000000000000
000000110000000000000000
000000110000000000000000
000000111000000000000000
000000111000000000000000
000000111000000000000000
000000111000000000000000
000000011000000000000000
000000011000000000000000
000000011000000000000000
000000011000000000000000
000000011000000000000000
000000011000000000000000
000000011000000000000000
000000011000000000000000
000000011000000000000000
000000011000000000000000
000000011000000000000000
000000011000000000000000
000000011000000000000000
000000011000000000000000
000000011000000000000000
000000000000000000000000
000000000000000000000000
000000000000000000000000
000000000000000000000000
000000000000000000000000
000000000000000000000000
000000000000000000000000
000000000000000000000000
000000000000000000000000
000000000000000000000000
000000000000000000000000
000000000000000000000000
start_draw_0:
000000000000000000000000
000000000000000000000000
000000000000000000000000
000000000000000000000000
000000000000011100000000
000000000001111100000000
000000000011111100000000
000000000111111100000000
000000000111011100000000
000000000000011100000000
000000000000011100000000
000000000000011100000000
000000000000011100000000
000000000000011100000000
000000000000011100000000
000000000000011100000000
000000000000011100000000
000000000000011100000000
000000000000011100000000
000000000000011100000000
000000000000011100000000
000000000000011000000000
000000000000011000000000
000000000000011000000000
000000000000011000000000
000000000000011000000000
000000000000011000000000
000000001111111111111111
000000001111111111111111
000000000001111000000000
000000000000000000000000
000000000000000000000000
000000000000000000000000
000000000000000000000000
000000000000000000000000
000000000000000000000000
start_draw_0:
000000000000000000000000
000000000000000000000000
000001110000000000000000
000011110000000000000000
000111110000000000000000
001111110000000000000000
011110110000000000000000
011100110000000000000000
011000110000000000000000
000000110000000000000000
000000110000000000000000
000000110000000000000000
000000110000000000000000
000000110000000000000000
000000110000000000000000
000000110000000000000000
000000110000000000000000
000000110000000000000000
000000110000000000000000
000111111111110000000000
000111111111110000000000
000011110000000000000000
000000000000000000000000
000000000000000000000000
000000000000000000000000
000000000000000000000000
000000000000000000000000
000000000000000000000000
000000000000000000000000
000000000000000000000000
000000000000000000000000
000000000000000000000000
000000000000000000000000
000000000000000000000000
000000000000000000000000
000000000000000000000000
start_draw_0:
000000000000000000000000
000000000000000000000000
000000000000001100000000
000000000000001100000000
000000000000001100000000
000000000000001100000000
000000000000001100000000
000000000000001100000000
000000000000001100000000
000000000000001100000000
000000000000001100000000
000000000000001100000000
000000000000001100000000
000000000000001100000000
000000000000001110000000
000000000000001110000000
000000000000001110000000
000000000000001110000000
000000000000000110000000
000000000000000110000000
000000000000000110000000
000000000000000110000000
000000000000000110000000
000000000000000110000000
000000000000000110000000
000000000000000110000000
000000000000000110000000
000000000000000000000000
000000000000000000000000
000000000000000000000000
000000000000000000000000
000000000000000000000000
000000000000000000000000
000000000000000000000000
000000000000000000000000
000000000000000000000000
start_draw_0:
000000000000000000000000
000000000000000000000000
000000000000000000000000
000000000000000000000000
000000000000000000000000
000000000000000000000000
000000000000000000000000
000000000000000000000000
000000000000000000000000
000000000000000000000000
000000000000000000000000
000000000000000000000000
000000000000000000000000
000000000000000000000000
000000000000000000000000
000000000000000000000000
000000000000000000000000
001100000000000000000000
001100000000000000000000
001110000000000000000000
001110000000000000000000
001110000000000000000000
001110000000000000000000
000110000000000000000000
000110000000000000000000
000110000000000000000000
000110000000000000000000
000110000000000000000000
000110000000000000000000
000110000000000000000000
000110000000000000000000
000110000000000000000000
000110000000000000000000
000111000000000000000000
000111000000000000000000
000000000000000000000000
start_draw_0:
000000000000000000000000
000000000000000000000000
000000000000000000000000
000011000000000000000000
000011000000000000000000
000011000000000000000000
000011000000000000000000
000011000000000000000000
000011000000000000000000
000011100000000000000000
000011100000000000000000
000011100000000000000000
000011100000000000000000
000001100000000000000000
000001100000000000000000
000001100000000000000000
000001100000000000000000
000001100000000000000000
000001100000000000000000
000001100000000000000000
000001100000000000000000
000001100000000000000000
000001100000000000000000
000001100000000000000000
000001100000000000000000
000000000000000000000000
000000000000000000000000
000000000000000000000000
000000000000000000000000
000000000000000000000000
000000000000000000000000
000000000000000000000000
000000000000000000000000
000000000000000000000000
000000000000000000000000
000000000000000000000000
start_draw_0:
000000000000000000000000
000000000000000000000000
000000000000000000000000
000000000000000000000000
000000000000000000000000
000000000000000000000000
000000000000000000000000
000000000000000000000000
000000000000011000000000
000000000000011100000000
000000000000011100000000
000000000000011100000000
000000000000011100000000
000000000000011100000000
000000000000011100000000
000000000000011100000000
000000000000011100000000
000000000000011100000000
000000000000011100000000
000000000000011100000000
000000000000011100000000
000000000000011100000000
000000000000011100000000
000000000000011100000000
000000000000011100000000
000000000000011100000000
000000000000011100000000
000000000000011100000000
000000000000011100000000
000000000000011100000000
000000000000001100000000
000000000000001100000000
000000000000001100000000
000000000000000000000000
000000000000000000000000
000000000000000000000000
start_draw_0:
000000000000000000000000
000000000000000000000000
000000000000000000000000
000000000011000000000000
000000000011000000000000
000000000011100000000000
000000000011100000000000
000000000001100000000000
000000000001100000000000
000000000001100000000000
000000000001100000000000
000000000001100000000000
000000000001100000000000
000000000001100000000000
000000000001100000000000
000000000001100000000000
000000000001100000000000
000000000001100000000000
000000000001100000000000
000000000001100000000000
000000000001100000000000
000000000001100000000000
000000000001100000000000
000000000001100000000000
000000000001100000000000
000000000001100000000000
000000000001100000000000
000000000001100000000000
000000000001100000000000
000000000001100000000000
000000000001100000000000
000000000001100000000000
000000000001100000000000
000000000000000000000000
000000000000000000000000
000000000000000000000000
start_draw_0:
000000000000000000000000
000000000000000000000000
000000000000000000000000
000000000000000000000000
000000000000000000000000
000000000000000000000000
000000000000000000000000
000000000000000000000000
000000000000000000000000
000000000000000000000000
000000000000000000000000
000000000000000001110000
000000000000000001110000
000000000000000001110000
000000000000000000110000
000000000000000000110000
000000000000000000111000
000000000000000000111000
000000000000000000111000
000000000000000000111000
000000000000000000111000
000000000000000000111000
000000000000000000111000
000000000000000000111000
000000000000000000111000
000000000000000000111000
000000000000000000111000
000000000000000000111000
000000000000000000111000
000000000000000000111000
000000000000000000111000
000000000000000000110000
000000000000000000110000
000000000000000000000000
000000000000000000000000
000000000000000000000000
start_draw_0:
000000000000000000000000
000000000000000000000000
000000000000000000000000
000000000000000000000000
000011000000000000000000
000011000000000000000000
000011000000000000000000
000011000000000000000000
000011000000000000000000
000011000000000000000000
000011000000000000000000
000011000000000000000000
000011000000000000000000
000011000000000000000000
000011000000000000000000
000011000000000000000000
000011000000000000000000
000011000000000000000000
000011000000000000000000
000011000000000000000000
000011000000000000000000
000011000000000000000000
000011000000000000000000
000011000000000000000000
000011000000000000000000
000011000000000000000000
000011000000000000000000
000000000000000000000000
000000000000000000000000
000000000000000000000000
000000000000000000000000
000000000000000000000000
000000000000000000000000
000000000000000000000000
000000000000000000000000
000000000000000000000000
start_draw_0:
000000000000000000000000
000000000000000000000000
000000000000000000000000
000000000000000000000000
000000000000000001100000
000000000000000011100000
000000000000000011100000
000000000000000011100000
000000000000000011000000
000000000000000011000000
000000000000000011000000
000000000000000111000000
000000000000000111000000
000000000000000111000000
000000000000000110000000
000000000000000110000000
000000000000000110000000
000000000000000110000000
000000000000000110000000
000000000000001110000000
000000000000001110000000
000000000000001110000000
000000000000001110000000
000000000000001100000000
000000000000001100000000
000000000000001100000000
000000000000001100000000
000000000000001100000000
000000000000001100000000
000000000000000000000000
000000000000000000000000
000000000000000000000000
000000000000000000000000
000000000000000000000000
000000000000000000000000
000000000000000000000000
start_draw_0:
000000000000000000000000
000000000000000000000000
000000000000000000000000
000000000000000000000000
000001100000000000000000
000001110000000000000000
000001110000000000000000
000000110000000000000000
000000110000000000000000
000000111000000000000000
000000111000000000000000
000000111000000000000000
000000011000000000000000
000000011000000000000000
000000011000000000000000
000000011000000000000000
000000011000000000000000
000000011100000000000000
000000011100000000000000
000000011100000000000000
000000011100000000000000
000000001100000000000000
000000001100000000000000
000000001100000000000000
000000001100000000000000
000000001100000000000000
000000000000000000000000
000000000000000000000000
000000000000000000000000
000000000000000000000000
000000000000000000000000
000000000000000000000000
000000000000000000000000
000000000000000000000000
000000000000000000000000
000000000000000000000000
start_draw_0:
000000000000000000000000
000000000000000000000000
000000000000000000000000
000000000000000000000000
000000000000000000000000
000000000000000000000000
000000000000000000000000
000000000011100000000000
000000000011100000000000
000000000001100000000000
000000000001100000000000
000000000001100000000000
000000000001100000000000
000000000001100000000000
000000000001100000000000
000000000001100000000000
000000000001100000000000
000000000001100000000000
000000000001100000000000
000000000001100000000000
000000000001100000000000
000000000001100000000000
000000000001100000000000
000000000001100000000000
000000000001100000000000
000000000001100000000000
000000000001100000000000
000000000001100000000000
000000000000000000000000
000000000000000000000000
000000000000000000000000
000000000000000000000000
000000000000000000000000
000000000000000000000000
000000000000000000000000
000000000000000000000000
start_draw_0:
000000000000000000000000
000000000000000000000000
000000000000000000000000
000000000000000000000000
000000000000000000000000
000000011000000000000000
000000011000000000000000
000000011000000000000000
000000011000000000000000
000000011000000000000000
000000011000000000000000
000000011000000000000000
000000011000000000000000
000000011000000000000000
000000011000000000000000
000000011000000000000000
000000011000000000000000
000000011000000000000000
000000011000000000000000
000000111000000000000000
000000111000000000000000
000000111000000000000000
000000110000000000000000
000000110000000000000000
000001110000000000000000
000001110000000000000000
000001110000000000000000
000001100000000000000000
000011100000000000000000
000011100000000000000000
000011100000000000000000
000000000000000000000000
000000000000000000000000
000000000000000000000000
000000000000000000000000
000000000000000000000000
start_draw_0:
000000000000000000000000
000000000000000000000000
000000000000000000000000
000000000000000011000000
000000000000000011000000
000000000000000011000000
000000000000000011000000
000000000000000011000000
000000000000000011000000
000000000000000011000000
000000000000000011000000
000000000000000011000000
000000000000000011000000
000000000000000011000000
000000000000000011000000
000000000000000011000000
000000000000000011000000
000000000000000011000000
000000000000000011000000
000000000000000011000000
000000000000000011000000
000000000000000011000000
000000000000000011000000
000000000000000011000000
000000000000000011000000
000000000000000011000000
000000000000000011000000
000000000000000011000000
000000000000000011000000
000000000000000011000000
000000000000000011000000
000000000000000000000000
000000000000000000000000
000000000000000000000000
000000000000000000000000
000000000000000000000000
start_draw_0:
000000000000000000000000
000000000000000000000000
000000000000000000000000
000000000110000000000000
000000000110000000000000
000000000110000000000000
000000000110000000000000
000000000111000000000000
000000000111000000000000
000000000111000000000000
000000000111000000000000
000000000011000000000000
000000000011000000000000
000000000011000000000000
000000000011000000000000
000000000011100000000000
000000000011100000000000
000000000011100000000000
000000000011100000000000
000000000001100000000000
000000000001100000000000
000000000001100000000000
000000000001100000000000
000000000001100000000000
000000000001100000000000
000000000001100000000000
000000000001100000000000
000000000001110000000000
000000000001110000000000
000000000001110000000000
000000000000110000000000
000000000000110000000000
000000000000000000000000
000000000000000000000000
000000000000000000000000
000000000000000000000000
start_draw_0:
000000000000000000000000
000000000000000000000000
000000000000000000000000
000000000000000000000000
000000111000000000000000
000000111000000000000000
000000111000000000000000
000000111000000000000000
000000110000000000000000
000000110000000000000000
000000110000000000000000
000001110000000000000000
000001110000000000000000
000001110000000000000000
000001100000000000000000
000001100000000000000000
000001100000000000000000
000001100000000000000000
000011100000000000000000
000011100000000000000000
000011100000000000000000
000011100000000000000000
000011000000000000000000
000011000000000000000000
000011000000000000000000
000011000000000000000000
000111000000000000000000
000111000000000000000000
000111000000000000000000
000111000000000000000000
000110000000000000000000
000110000000000000000000
000110000000000000000000
000110000000000000000000
000110000000000000000000
000000000000000000000000
start_draw_0:
000000000000000000000000
000000000000000000000000
000000000000000000000000
000000000000011100000000
000000000000011100000000
000000000000011100000000
000000000000011100000000
000000000000011100000000
000000000000011100000000
000000000000001100000000
000000000000001100000000
000000000000001100000000
000000000000001100000000
000000000000001100000000
000000000000001100000000
000000000000001100000000
000000000000001100000000
000000000000001100000000
000000000000001100000000
000000000000001100000000
000000000000001100000000
000000000000001100000000
000000000000001100000000
000000000000001100000000
000000000000001100000000
000000000000001100000000
000000000000001100000000
000000000000001100000000
000000000000001100000000
000000000000001100000000
000000000000001100000000
000000000000001100000000
000000000000001100000000
000000000000001100000000
000000000000001100000000
000000000000001100000000
start_draw_0:
000000000000000000000000
000000000000000000000000
000000000000000000000000
000000000000000000000000
000000000000000000000000
000000000011000000000000
000000000011000000000000
000000000011100000000000
000000000011100000000000
000000000011100000000000
000000000011100000000000
000000000011100000000000
000000000011100000000000
000000000011100000000000
000000000011100000000000
000000000011100000000000
000000000011100000000000
000000000001100000000000
000000000001100000000000
000000000001100000000000
000000000001100000000000
000000000001100000000000
000000000001100000000000
000000000001100000000000
000000000001100000000000
000000000001100000000000
000000000001100000000000
000000000001100000000000
000000000001100000000000
000000000001100000000000
000000000001100000000000
000000000011100000000000
000000000011100000000000
000000000000000000000000
000000000000000000000000
000000000000000000000000
start_draw_0:
000000000000000000000000
000000000000000000000000
000000000000000000000000
000000000000000000000000
000000000000000000000000
000000000000000000110000
000000000000000000110000
000000000000000000110000
000000000000000000110000
000000000000000000111000
000000000000000000111000
000000000000000000111000
000000000000000000111000
000000000000000000111000
000000000000000000011000
000000000000000000011000
000000000000000000011000
000000000000000000011000
000000000000000000011000
000000000000000000011000
000000000000000000011000
000000000000000000011000
000000000000000000011000
000000000000000000011000
000000000000000000011000
000000000000000000011000
000000000000000000011000
000000000000000000011000
000000000000000000011000
000000000000000000011000
000000000000000000011000
000000000000000000011000
000000000000000000011000
000000000000000000011000
000000000000000000011000
000000000000000000011000
start_draw_0:
000000000000000000000000
000000000000000000000000
000000000000000000000000
000000000000000000000000
000000001100000000000000
000000001110000000000000
000000001110000000000000
000000001110000000000000
000000001110000000000000
000000001110000000000000
000000001110000000000000
000000001110000000000000
000000001110000000000000
000000001110000000000000
000000001110000000000000
000000001110000000000000
000000000110000000000000
000000000110000000000000
000000000110000000000000
000000000110000000000000
000000000110000000000000
000000000110000000000000
000000000110000000000000
000000000110000000000000
000000000110000000000000
000000000110000000000000
000000000110000000000000
000000000110000000000000
000000000110000000000000
000000000110000000000000
000000000110000000000000
000000000110000000000000
000000000110000000000000
000000000110000000000000
000000000110000000000000
000000000110000000000000
start_draw_0:
000000000000000000000000
000000000000000000000000
000000000000000000000000
000000111000000000000000
000001111000000000000000
000011111000000000000000
000111111000000000000000
001111011000000000000000
001110011000000000000000
000000011000000000000000
000000011000000000000000
000000011000000000000000
000000111000000000000000
000000111000000000000000
000000111000000000000000
000000110000000000000000
000000110000000000000000
000000110000000000000000
000000110000000000000000
000001110000000000000000
000001110000000000000000
000001110000000000000000
000111111111000000000000
000111111111000000000000
000000000111000000000000
000000000000000000000000
000000000000000000000000
000000000000000000000000
000000000000000000000000
000000000000000000000000
000000000000000000000000
000000000000000000000000
000000000000000000000000
000000000000000000000000
000000000000000000000000
000000000000000000000000
start_draw_0:
000000000000000000000000
000000000000000000000000
000000000000000000000000
000000000000000000000000
000000000000000000000000
000000000000000000000000
000000000000000000000000
000000000000000000000000
000000000000000011100000
000000000000000111100000
000000000000001111100000
000000000000011111100000
000000000000111101100000
000000000001111001100000
000000000001110001100000
000000000001110001100000
000000000000000001100000
000000000000000001100000
000000000000000001100000
000000000000000001100000
000000000000000001100000
000000000000000001100000
000000000000000001100000
000000000000000001100000
000000000000000011100000
000000000000000011100000
000000000000000011100000
000000000000000011000000
000000001111111111000000
000000001111111111111110
000000001111111111111110
000000000000000000000000
000000000000000000000000
000000000000000000000000
000000000000000000000000
000000000000000000000000
start_draw_0:
000000000000000000000000
000000000000000000000000
000000000000000000000000
000000000001100000000000
000000000011100000000000
000000000111100000000000
000000011111100000000000
000000111111100000000000
000001111101100000000000
000001110001100000000000
000001100001100000000000
000000000001100000000000
000000000001100000000000
000000000001100000000000
000000000001100000000000
000000000001100000000000
000000000001100000000000
000000000001100000000000
000000000001100000000000
000000000001100000000000
000000000001100000000000
000000000001100000000000
000000000001100000000000
000000000011100000000000
000000000011100000000000
000000000011100000000000
000000000011100000000000
000000000011000000000000
000000011111111110000000
000000011111111110000000
000000000111111110000000
000000000000000000000000
000000000000000000000000
000000000000000000000000
000000000000000000000000
000000000000000000000000
start_draw_0:
000000000000000000000000
000000000000000000000000
000000000000000000000000
000000000000000000000000
000000000000000000000000
000000000000000111000000
000000000000001111000000
000000000000111111000000
000000000011111111000000
000000001111110011000000
000000001111000011000000
000000000000000011000000
000000000000000011000000
000000000000000011000000
000000000000000011000000
000000000000000011000000
000000000000000011000000
000000000000000011000000
000000000000000011000000
000000000000000011000000
000000000000000011000000
000000000000000011000000
000000000000000011000000
000000000000000011000000
000000000000000011000000
000000000000000011000000
000000011111111111000000
000000011111111111000000
000000001111111111111100
000000000000111111111110
000000000000000000011110
000000000000000000000000
000000000000000000000000
000000000000000000000000
000000000000000000000000
000000000000000000000000
start_draw_0:
000000000000000000000000
000000000000000000000000
000000000000000000000000
000000000000000000000000
000000000000000000000000
000000000000000000000000
000000000000000000000000
000000000000000000000000
000000000000000000000000
000000011100000000000000
000001111100000000000000
000011111100000000000000
001111111100000000000000
011111001100000000000000
011110001100000000000000
000000001100000000000000
000000001100000000000000
000000001100000000000000
000000001100000000000000
000000001100000000000000
000000001100000000000000
000000001100000000000000
000000001100000000000000
000000001100000000000000
000000001100000000000000
000000001100000000000000
000000001100000000000000
000000001100000000000000
000000001100000000000000
000000001100000000000000
000000011100000000000000
000000011111100000000000
000000011111100000000000
000000000000000000000000
000000000000000000000000
000000000000000000000000
start_draw_0:
000000000000000000000000
000000000000000000000000
000000000000000111000000
000000000000001111000000
000000000000111111000000
000000000001111111000000
000000000011111011000000
000000000111100011000000
000000000111000011000000
000000000111000011000000
000000000000000011000000
000000000000000011000000
000000000000000011000000
000000000000000011000000
000000000000000011000000
000000000000000011000000
000000000000000011000000
000000000000000011000000
000000000000000011000000
000000000000000011000000
000000000000000011000000
000000000000000011000000
000000000000000011000000
000000000000000011000000
000000000000000011000000
000000000000000011000000
000000000000000011000000
000000000000000011000000
000000000000111111111100
000000000000111111111111
000000000000011111111111
000000000000000011000000
000000000000000000000000
000000000000000000000000
000000000000000000000000
000000000000000000000000
start_draw_0:
000000000000000000000000
000000000000000000000000
000000000000000000000000
000000111000000000000000
000001111000000000000000
000111111000000000000000
001111111000000000000000
001111011000000000000000
001110011000000000000000
000000011000000000000000
000000011000000000000000
000000011000000000000000
000000011000000000000000
000000011000000000000000
000000011000000000000000
000000011000000000000000
000000011000000000000000
000000111000000000000000
000000111000000000000000
000000111000000000000000
000000111000000000000000
000000111000000000000000
000000110000000000000000
000000110000000000000000
000000110000000000000000
000000110000000000000000
000001110000000000000000
001111110000000000000000
001111111111000000000000
001111111111100000000000
000000000111100000000000
000000000000000000000000
000000000000000000000000
000000000000000000000000
000000000000000000000000
000000000000000000000000
start_draw_0:
000000000000000000000000
000000000000000000000000
000000000000000000000000
000000000000000000000000
000000000000111100000000
000000000111111100000000
000000011111111100000000
000001111111001100000000
000001111100001100000000
000001100000001110000000
000000000000001110000000
000000000000001110000000
000000000000001110000000
000000000000001110000000
000000000000001110000000
000000000000001110000000
000000000000001110000000
000000000000001110000000
000000000000001100000000
000000000000001100000000
000000000000001100000000
000000000000001100000000
000000000000001100000000
000000000000001100000000
000000000000001100000000
000000000000001100000000
000000000000001100000000
000000001100001100000000
000000001111111111000000
000000001111111111111111
000000000111111111111111
000000000000000000000011
000000000000000000000000
000000000000000000000000
000000000000000000000000
000000000000000000000000
start_draw_0:
000000000000000000000000
000000000000000000000000
000000000000000000000000
000000000000000000000000
000000000000000000000000
000000000000000000000000
000011000000000000000000
000111000000000000000000
001111000000000000000000
011111000000000000000000
011111000000000000000000
011111000000000000000000
011011000000000000000000
000011000000000000000000
000011000000000000000000
000011000000000000000000
000011000000000000000000
000011000000000000000000
000011000000000000000000
000011000000000000000000
000011000000000000000000
000011000000000000000000
000011000000000000000000
000011000000000000000000
000011000000000000000000
000011000000000000000000
000011000000000000000000
000011000000000000000000
000011000000000000000000
000011000000000000000000
000011001111110000000000
011111111111110000000000
011111111111000000000000
000111000000000000000000
000011000000000000000000
000000000000000000000000
start_draw_0:
000000000000000000000000
000000000000000000000000
000000000000000000000000
000000000000000000000000
000000000000000000000000
000000000000111000000000
000000000001111000000000
000000000111111000000000
000000001111111000000000
000000111110111000000000
000000111100111000000000
000000111000111000000000
000000000000111000000000
000000000000111000000000
000000000000111000000000
000000000000111000000000
000000000000111000000000
000000000000111000000000
000000000000111000000000
000000000000111000000000
000000000000111000000000
000000000000111000000000
000000000000111000000000
000000000000111000000000
000000000000111000000000
000000000000111000000000
000000000000111000000000
000000011111111111000000
000000011111111111000000
000000000111111000000000
000000000000000000000000
000000000000000000000000
000000000000000000000000
000000000000000000000000
000000000000000000000000
000000000000000000000000
start_draw_0:
000000000000000000000000
000000000000000000000000
000000000000000000000000
000000000000000000000000
000000000000000000000000
000000111000000000000000
000011111000000000000000
000111111000000000000000
001111011000000000000000
001110011000000000000000
000000011000000000000000
000000011000000000000000
000000011000000000000000
000000011000000000000000
000000011000000000000000
000000011000000000000000
000000011000000000000000
000000011000000000000000
000000011000000000000000
000000011000000000000000
000000011000000000000000
000000011000000000000000
000000111000000000000000
000000111000000000000000
000000111000000000000000
000000110000000000000000
000000110000000000000000
000000110000000000000000
000111110000000000000000
000111111111111100000000
000111111111111100000000
000000000000000000000000
000000000000000000000000
000000000000000000000000
000000000000000000000000
000000000000000000000000
start_draw_0:
000000000000000000000000
000000000000000000000000
000000000000000000000000
000000000000001100000000
000000000001111100000000
000000001111111100000000
000000001111101100000000
000000001110001100000000
000000000000001100000000
000000000000001100000000
000000000000001100000000
000000000000001100000000
000000000000001100000000
000000000000001100000000
000000000000001100000000
000000000000001100000000
000000000000001100000000
000000000000001100000000
000000000000001100000000
000000000000001100000000
000000000000001100000000
000000000000001100000000
000000000000001100000000
000000000000001100000000
000000000111111100000000
000000000111111111111110
000000000001111111111111
000000000000000000011111
000000000000000000000000
000000000000000000000000
000000000000000000000000
000000000000000000000000
000000000000000000000000
000000000000000000000000
000000000000000000000000
000000000000000000000000
start_draw_0:
000000000000000000000000
000000000000000000000000
000000001110000000000000
000000011110000000000000
000001111110000000000000
000011111111000000000000
000111100111000000000000
001111000111000000000000
001110000111000000000000
000000000111000000000000
000000000111000000000000
000000000111000000000000
000000000110000000000000
000000000110000000000000
000000000110000000000000
000000000110000000000000
000000001110000000000000
000000001110000000000000
000000001110000000000000
000000001100000000000000
000000011100000000000000
000000011100000000000000
000000011100000000000000
000000011100000000000000
000000011000000000000000
000000011000000000000000
000011111110000000000000
000011111111110000000000
000000001111110000000000
000000000000000000000000
000000000000000000000000
000000000000000000000000
000000000000000000000000
000000000000000000000000
000000000000000000000000
000000000000000000000000
start_draw_0:
000000000000000000000000
000000000000000000000000
000000000000000000000000
000000000000000000000000
000000000000000000000000
000000000000000000000000
000000000000111000000000
000000000000111000000000
000000000001111000000000
000000000011111000000000
000000000111111000000000
000000001111011000000000
000000011110011000000000
000000011100011000000000
000000011000011000000000
000000000000011000000000
000000000000011000000000
000000000000011000000000
000000000000011000000000
000000000000111000000000
000000000000111000000000
000000000000111000000000
000000000000110000000000
000000000001110000000000
000000000001110000000000
000000000001110000000000
000000000001100000000000
000000000001100000000000
000000000001100000000000
000000000011100000000000
000000000011100000000000
000000000011100000000000
000000000011000000000000
000000111111111111100000
000000111111111111100000
000000111111111111100000
start_draw_0:
000000000000000000000000
000000000000000000000000
000000000000000000000000
000000000000110000000000
000000000001110000000000
000000000111110000000000
000000001111110000000000
000000111111110000000000
000000111100110000000000
000000111000111000000000
000000000000111000000000
000000000000111000000000
000000000000111000000000
000000000000111000000000
000000000000111000000000
000000000000111000000000
000000000000111000000000
000000000000111000000000
000000000000111000000000
000000000000111000000000
000000000000111000000000
000000000000111000000000
000000000000111000000000
000000000000111000000000
000000000000111000000000
000000000000111000000000
000000000000011000000000
000000000000011000000000
000000000000011000000000
000000000000000000000000
000000000000000000000000
000000000000000000000000
000000000000000000000000
000000000000000000000000
000000000000000000000000
000000000000000000000000
start_draw_0:
000000000000000000000000
000000000000000000000000
000000000111000000000000
000000011111000000000000
000000011111000000000000
000000000011000000000000
000000000011000000000000
000000000011000000000000
000000000011000000000000
000000000011000000000000
000000000011000000000000
000000000011000000000000
000000000011000000000000
000000000011000000000000
000000000011000000000000
000000000011000000000000
000000000011000000000000
000000000011000000000000
000000000011000000000000
000000000011000000000000
000000000011100000000000
000000000011100000000000
000000000011100000000000
000000000011000000000000
000000000011000000000000
000000000011000000000000
000000000011000000000000
000000000111111111110000
000000111111111111110000
000011111111111000000000
000011111110000000000000
000001111110000000000000
000000000000000000000000
000000000000000000000000
000000000000000000000000
000000000000000000000000
start_draw_0:
000000000000000000000000
000000110000000000000000
000000110000000000000000
000000111000000000000000
000000111000000000000000
000000111000000000000000
000000111000000000000000
000000011000000000000000
000000011000000000000000
000000011000000000000000
000000011000000000000000
000000011000000000000000
000000011100000000000000
000000011100000000000000
000000011100000000000000
000000001100000000000000
000000001100000000000000
000000001100000000000000
000000001100000000000000
000000001100000000000000
000000001100000000000000
000000001100000000000000
000000001100000000000000
000000001100000000000000
000000001100000000000000
000000001100000000000000
000000000000000000000000
000000000000000000000000
000000000000000000000000
000000000000000000000000
000000000000000000000000
000000000000000000000000
000000000000000000000000
000000000000000000000000
000000000000000000000000
000000000000000000000000
start_draw_0:
000000000000000000000000
000000000000000000000000
000000000000000000000000
000000000000000000000000
000000000000000000000000
000000000000000000000000
000000000000000000000000
000000000000000000000000
000000000000000000000000
000000000000000000000000
000000000000000000000000
000000000000000000000000
000000000000000000000000
000000000000111000000000
000000000000111000000000
000000000000111000000000
000000000000011000000000
000000000000011100000000
000000000000011100000000
000000000000001100000000
000000000000001110000000
000000000000001110000000
000000000000001110000000
000000000000000110000000
000000000000000110000000
000000000000000111000000
000000000000000111000000
000000000000000111000000
000000000000000011000000
000000000000000011000000
000000000000000011000000
000000000000000011000000
000000000000000000000000
000000000000000000000000
000000000000000000000000
000000000000000000000000
start_draw_0:
000000000000000000000000
000000000000000000000000
000000000000000000000000
000001110000000000000000
000001110000000000000000
000001110000000000000000
000000110000000000000000
000000110000000000000000
000000110000000000000000
000000110000000000000000
000000111000000000000000
000000111000000000000000
000000111000000000000000
000000111000000000000000
000000011000000000000000
000000011000000000000000
000000011000000000000000
000000011000000000000000
000000011000000000000000
000000011000000000000000
000000011100000000000000
000000011100000000000000
000000011100000000000000
000000011100000000000000
000000000000000000000000
000000000000000000000000
000000000000000000000000
000000000000000000000000
000000000000000000000000
000000000000000000000000
000000000000000000000000
000000000000000000000000
000000000000000000000000
000000000000000000000000
000000000000000000000000
000000000000000000000000
start_draw_0:
000000000000000000000000
000000000000000000000000
000000000000000000000000
000000000000000000110000
000000000000000000110000
000000000000000000110000
000000000000000000110000
000000000000000000110000
000000000000000000110000
000000000000000000110000
000000000000000000110000
000000000000000000110000
000000000000000000110000
000000000000000000110000
000000000000000000110000
000000000000000000110000
000000000000000000110000
000000000000000000110000
000000000000000000110000
000000000000000000110000
000000000000000000110000
000000000000000000110000
000000000000000000110000
000000000000000000110000
000000000000000000111000
000000000000000000111000
000000000000000000000000
000000000000000000000000
000000000000000000000000
000000000000000000000000
000000000000000000000000
000000000000000000000000
000000000000000000000000
000000000000000000000000
000000000000000000000000
000000000000000000000000
start_draw_0:
000000000000000000000000
000000000000000000000000
000000000000000000000000
000000000000000000000000
000000000000110000000000
000000000000110000000000
000000000000110000000000
000000000000110000000000
000000000000110000000000
000000000000110000000000
000000000000110000000000
000000000000110000000000
000000000000110000000000
000000000000110000000000
000000000000110000000000
000000000000110000000000
000000000000110000000000
000000000000110000000000
000000000000110000000000
000000000000110000000000
000000000000110000000000
000000000000110000000000
000000000000110000000000
000000000000110000000000
000000000000110000000000
000000000000110000000000
000000000000110000000000
000000000000110000000000
000000000000110000000000
000000000000000000000000
000000000000000000000000
000000000000000000000000
000000000000000000000000
000000000000000000000000
000000000000000000000000
000000000000000000000000
start_draw_0:
000000000000000000000000
000000000000000000000000
000000011000000000000000
000000011000000000000000
000000011000000000000000
000000011000000000000000
000000011000000000000000
000000011000000000000000
000000011000000000000000
000000011000000000000000
000000011000000000000000
000000011000000000000000
000000011000000000000000
000000011000000000000000
000000011000000000000000
000000011000000000000000
000000011000000000000000
000000011000000000000000
000000011000000000000000
000000011000000000000000
000000011000000000000000
000000011000000000000000
000000011000000000000000
000000011000000000000000
000000011000000000000000
000000011000000000000000
000000011000000000000000
000000000000000000000000
000000000000000000000000
000000000000000000000000
000000000000000000000000
000000000000000000000000
000000000000000000000000
000000000000000000000000
000000000000000000000000
000000000000000000000000
start_draw_0:
000000000000000000000000
000000000000000000000000
000000000000000000000000
000000000000000000000000
000000000000000000000000
000000000000000000000000
000000000000000000000000
000000000000000000000000
000000000000000000000000
000000000000000000000000
000000000000000000000000
000000000000000000000000
000000000000000001110000
000000000000000001110000
000000000000000001110000
000000000000000000110000
000000000000000000110000
000000000000000000110000
000000000000000000110000
000000000000000000110000
000000000000000001110000
000000000000000001110000
000000000000000001110000
000000000000000001110000
000000000000000001100000
000000000000000001100000
000000000000000001100000
000000000000000001100000
000000000000000011100000
000000000000000011100000
000000000000000011100000
000000000000000011000000
000000000000000011000000
000000000000000000000000
000000000000000000000000
000000000000000000000000
start_draw_0:
000000000000000000000000
000000000000000000000000
000000000000000000000000
000000000000000000000000
000000000000000000000000
000000000000000000000000
000000000000000000000000
000000000000000011100000
000000000000000011100000
000000000000000011100000
000000000000000011000000
000000000000000011000000
000000000000000111000000
000000000000000111000000
000000000000000111000000
000000000000000110000000
000000000000000110000000
000000000000000110000000
000000000000001110000000
000000000000001110000000
000000000000001110000000
000000000000001110000000
000000000000001100000000
000000000000001100000000
000000000000001100000000
000000000000001100000000
000000000000011100000000
000000000000011100000000
000000000000011100000000
000000000000011000000000
000000000000011000000000
000000000000011000000000
000000000000011000000000
000000000000011000000000
000000000000011000000000
000000000000000000000000
start_draw_0:
000000000000000000000000
000000000000000000000000
000000000000000000000000
000000000000000000000000
000000000000000000000000
000011000000000000000000
000011000000000000000000
000011000000000000000000
000011100000000000000000
000011100000000000000000
000011100000000000000000
000011100000000000000000
000001100000000000000000
000001100000000000000000
000001100000000000000000
000001100000000000000000
000001110000000000000000
000001110000000000000000
000001110000000000000000
000000110000000000000000
000000110000000000000000
000000110000000000000000
000000110000000000000000
000000111000000000000000
000000111000000000000000
000000111000000000000000
000000011000000000000000
000000011000000000000000
000000011000000000000000
000000011000000000000000
000000000000000000000000
000000000000000000000000
000000000000000000000000
000000000000000000000000
000000000000000000000000
000000000000000000000000
start_draw_0:
000000000000000000000000
000000000000000000000000
000000000000000000000000
000000000000000000000000
000000000000000000000000
000000000000000000000000
000000000000001100000000
000000000000001100000000
000000000000001100000000
000000000000001100000000
000000000000001100000000
000000000000001100000000
000000000000001100000000
000000000000001100000000
000000000000001100000000
000000000000001100000000
000000000000011100000000
000000000000011100000000
000000000000011100000000
000000000000011000000000
000000000000011000000000
000000000000011000000000
000000000000011000000000
000000000000111000000000
000000000000111000000000
000000000000111000000000
000000000000110000000000
000000000000110000000000
000000000000110000000000
000000000000000000000000
000000000000000000000000
000000000000000000000000
000000000000000000000000
000000000000000000000000
000000000000000000000000
000000000000000000000000
start_draw_0:
000000000000000000000000
000000000000000000000000
000000000000000000000000
000000000000000000000000
000000000000000000000000
000000000000000000000000
000000000000011000000000
000000000000011100000000
000000000000011100000000
000000000000011100000000
000000000000001100000000
000000000000001110000000
000000000000001110000000
000000000000000110000000
000000000000000110000000
000000000000000111000000
000000000000000111000000
000000000000000111000000
000000000000000011000000
000000000000000011000000
000000000000000011100000
000000000000000011100000
000000000000000011100000
000000000000000001100000
000000000000000001100000
000000000000000001100000
000000000000000001100000
000000000000000001110000
000000000000000001110000
000000000000000001110000
000000000000000000110000
000000000000000000111000
000000000000000000111000
000000000000000000111000
000000000000000000011000
000000000000000000011000
start_draw_0:
000000000000000000000000
000000000000000000000000
000000000000000000000000
000000000000000000000000
000000011100000000000000
000000011100000000000000
000000011100000000000000
000000111100000000000000
000000111100000000000000
000001111100000000000000
000001111100000000000000
000001101110000000000000
000000001110000000000000
000000001110000000000000
000000001110000000000000
000000000110000000000000
000000000110000000000000
000000000110000000000000
000000000110000000000000
000000000110000000000000
000000000110000000000000
000000000110000000000000
000000000111000000000000
000000000111000000000000
000000000111000000000000
000000000111000000000000
000000000111000000000000
000000000111000000000000
000001111111000000000000
000001111111111100000000
000001111111111100000000
000000000000000000000000
000000000000000000000000
000000000000000000000000
000000000000000000000000
000000000000000000000000
start_draw_0:
000000000000110000000000
000000000011110000000000
000000000011110000000000
000000000011110000000000
000000000000110000000000
000000000000110000000000
000000000000110000000000
000000000000110000000000
000000000000110000000000
000000000000110000000000
000000000000110000000000
000000000000110000000000
000000000000110000000000
000000000000110000000000
000000000000110000000000
000000000000110000000000
000000000000110000000000
000000000011111111110000
000000000011111111110000
000000000000110000000000
000000000000000000000000
000000000000000000000000
000000000000000000000000
000000000000000000000000
000000000000000000000000
000000000000000000000000
000000000000000000000000
000000000000000000000000
000000000000000000000000
000000000000000000000000
000000000000000000000000
000000000000000000000000
000000000000000000000000
000000000000000000000000
000000000000000000000000
000000000000000000000000
start_draw_0:
000000000000000000000000
000000000000000000000000
000000000000000000000000
000000000000000000000000
000000000000000000000000
000000000000000000000000
000000000000000000000000
000000000000000000000000
000011000000000000000000
000111000000000000000000
001111000000000000000000
011111000000000000000000
111111000000000000000000
111011000000000000000000
110011000000000000000000
000011000000000000000000
000011000000000000000000
000011000000000000000000
000011000000000000000000
000011000000000000000000
000011000000000000000000
000011000000000000000000
000011000000000000000000
000011000000000000000000
000011000000000000000000
000011000000000000000000
000011000000000000000000
000011000000000000000000
000011000000000000000000
000111000000000000000000
000111111111100000000000
000111111111100000000000
000000000000000000000000
000000000000000000000000
000000000000000000000000
000000000000000000000000
start_draw_0:
000000000000000000000000
000000000000000000000000
000000000000000000000000
000000000000000000000000
000000000000000000000000
000000000000000000000000
000000000001110000000000
000000000011110000000000
000000000111110000000000
000000001111110000000000
000000011110110000000000
000000111100110000000000
000000111000110000000000
000000110001110000000000
000000000001110000000000
000000000001110000000000
000000000001110000000000
000000000001110000000000
000000000001110000000000
000000000001100000000000
000000000001100000000000
000000000001100000000000
000000000001100000000000
000000000011100000000000
000000000011100000000000
000000000011100000000000
000000000011000000000000
000000000111000000000000
000000000111000000000000
000000000110000000000000
000000000110000000000000
000000001110001111110000
011110111111111111110000
011111111111111111100000
001111111100000000000000
000000000000000000000000
start_draw_0:
000000000000000000000000
000000000000000000000000
000000000000000000000000
000000000000000000000000
000000000000000000000000
000000000000000000000000
000000000011000000000000
000000000111100000000000
000000001111100000000000
000000001111100000000000
000000011111100000000000
000000111101110000000000
000000111001110000000000
000001111000110000000000
000001110000110000000000
000000000000110000000000
000000000000110000000000
000000000000111000000000
000000000000111000000000
000000000000111000000000
000000000000111000000000
000000000000111000000000
000000000000111000000000
000000000000111000000000
000000000000111000000000
000000000000110000000000
000000000000110000000000
000000000000110000111000
000000011111111111111000
000000011111111111111000
000000001111110000000000
000000000000000000000000
000000000000000000000000
000000000000000000000000
000000000000000000000000
000000000000000000000000
start_draw_0:
000000000000000000000000
000000000000000000000000
000000000000000000000000
000000111000000000000000
000001111000000000000000
000011111000000000000000
001111111000000000000000
001111011000000000000000
001100011000000000000000
000000011000000000000000
000000011000000000000000
000000011000000000000000
000000011000000000000000
000000011000000000000000
000000011000000000000000
000000011000000000000000
000000011000000000000000
000000011000000000000000
000000011000000000000000
000000011000000000000000
000000011000000000000000
000000011000000000000000
000000011000000000000000
000000011000000000000000
000000011000000000000000
000000011000000000000000
000000011111110000000000
000011111111110000000000
000011111111000000000000
000011111000000000000000
000000000000000000000000
000000000000000000000000
000000000000000000000000
000000000000000000000000
000000000000000000000000
000000000000000000000000
start_draw_0:
000000000000000000000000
000000000000000000000000
000000000000000000000000
000000000000000000000000
000000000000000000000000
000000000001100000000000
000000000001110000000000
000000000001110000000000
000000000001110000000000
000000000000110000000000
000000000000110000000000
000000000000110000000000
000000000000110000000000
000000000000111000000000
000000000000111000000000
000000000000111000000000
000000000000111000000000
000000000000111000000000
000000000000011000000000
000000000000011000000000
000000000000011000000000
000000000000011000000000
000000000000011000000000
000000000000011000000000
000000000000011000000000
000000000000011000000000
000000000000111000000000
000000000000111000000000
000000000000111000000000
000000000000111000000000
000000000000111000000000
000000000000111000000000
000000000000000000000000
000000000000000000000000
000000000000000000000000
000000000000000000000000
start_draw_0:
000000000000000000000000
000000000000000000000000
000000000000000000000000
000000000000000000000000
000000000000000000000000
000000001100000000000000
000000001100000000000000
000000001100000000000000
000000001100000000000000
000000001100000000000000
000000001100000000000000
000000001100000000000000
000000001100000000000000
000000001100000000000000
000000001100000000000000
000000001100000000000000
000000001100000000000000
000000001100000000000000
000000001100000000000000
000000001100000000000000
000000001100000000000000
000000001100000000000000
000000001100000000000000
000000001100000000000000
000000001100000000000000
000000001100000000000000
000000001100000000000000
000000001100000000000000
000000001100000000000000
000000001100000000000000
000000000000000000000000
000000000000000000000000
000000000000000000000000
000000000000000000000000
000000000000000000000000
000000000000000000000000
start_draw_0:
000000000000000000000000
000000000000000000000000
000000000000000000000000
000000000000000000000000
000000000000000000000000
000000000000000000000000
000000000000000000000000
000000000000000000000000
000000000000000000000000
000000000000000000110000
000000000000000000110000
000000000000000000110000
000000000000000000110000
000000000000000000110000
000000000000000000110000
000000000000000000110000
000000000000000000110000
000000000000000000110000
000000000000000000110000
000000000000000000110000
000000000000000000110000
000000000000000000110000
000000000000000000110000
000000000000000000110000
000000000000000000110000
000000000000000000110000
000000000000000000110000
000000000000000000110000
000000000000000000110000
000000000000000000110000
000000000000000000110000
000000000000000000110000
000000000000000000110000
000000000000000000000000
000000000000000000000000
000000000000000000000000
start_draw_0:
000000000000000000000000
000000000000000000000000
000000000000000000000000
000000000000000000000000
001100000000000000000000
001100000000000000000000
001110000000000000000000
001110000000000000000000
001110000000000000000000
000110000000000000000000
000110000000000000000000
000110000000000000000000
000111000000000000000000
000111000000000000000000
000111000000000000000000
000011000000000000000000
000011000000000000000000
000011000000000000000000
000011000000000000000000
000011100000000000000000
000011100000000000000000
000011100000000000000000
000011100000000000000000
000011100000000000000000
000011100000000000000000
000011100000000000000000
000011100000000000000000
000011100000000000000000
000000000000000000000000
000000000000000000000000
000000000000000000000000
000000000000000000000000
000000000000000000000000
000000000000000000000000
000000000000000000000000
000000000000000000000000
start_draw_0:
000000000000000000000000
000000000000000000000000
000000000001100000000000
000000000001110000000000
000000000001110000000000
000000000001110000000000
000000000000110000000000
000000000000110000000000
000000000000110000000000
000000000000110000000000
000000000000111000000000
000000000000111000000000
000000000000111100000000
000000000000011100000000
000000000000011000000000
000000000000011000000000
000000000000011000000000
000000000000011000000000
000000000000011100000000
000000000000011100000000
000000000000011100000000
000000000000001100000000
000000000000001100000000
000000000000001100000000
000000000000001100000000
000000000000000000000000
000000000000000000000000
000000000000000000000000
000000000000000000000000
000000000000000000000000
000000000000000000000000
000000000000000000000000
000000000000000000000000
000000000000000000000000
000000000000000000000000
000000000000000000000000
start_draw_0:
000001100000000000000000
000001100000000000000000
000001100000000000000000
000001100000000000000000
000001100000000000000000
000001110000000000000000
000001110000000000000000
000001110000000000000000
000001110000000000000000
000000110000000000000000
000000110000000000000000
000000110000000000000000
000000110000000000000000
000000111000000000000000
000000111000000000000000
000000111000000000000000
000000111000000000000000
000000011000000000000000
000000000000000000000000
000000000000000000000000
000000000000000000000000
000000000000000000000000
000000000000000000000000
000000000000000000000000
000000000000000000000000
000000000000000000000000
000000000000000000000000
000000000000000000000000
000000000000000000000000
000000000000000000000000
000000000000000000000000
000000000000000000000000
000000000000000000000000
000000000000000000000000
000000000000000000000000
000000000000000000000000
start_draw_0:
000000000000000000000000
000000000000000000000000
000000000000000000000000
000000000000000000000000
000000000000000000000000
000000000000110000000000
000000000000110000000000
000000000000110000000000
000000000000110000000000
000000000000110000000000
000000000000110000000000
000000000000110000000000
000000000000110000000000
000000000000110000000000
000000000000111000000000
000000000000111000000000
000000000000111000000000
000000000000111000000000
000000000000011000000000
000000000000011000000000
000000000000011000000000
000000000000011100000000
000000000000011100000000
000000000000011100000000
000000000000000000000000
000000000000000000000000
000000000000000000000000
000000000000000000000000
000000000000000000000000
000000000000000000000000
000000000000000000000000
000000000000000000000000
000000000000000000000000
000000000000000000000000
000000000000000000000000
000000000000000000000000
start_draw_0:
000000000000000000000000
000000000000000000000000
000000000000000000000000
000000000000000000000000
000000000000000000000000
000000000000000000000000
000000000000000000000000
000000000000000000000000
000000000000000000000000
000000000000000000000000
000000000000000000000000
000000000000000000000000
000000000000000000000000
000000000000000000000000
000000000000000000000000
000110000000000000000000
000110000000000000000000
000110000000000000000000
000110000000000000000000
000111000000000000000000
000111000000000000000000
000111000000000000000000
000111000000000000000000
000111000000000000000000
000111000000000000000000
000111000000000000000000
000111000000000000000000
000111000000000000000000
000111000000000000000000
000111000000000000000000
000111000000000000000000
000111000000000000000000
000111000000000000000000
000000000000000000000000
000000000000000000000000
000000000000000000000000
start_draw_0:
000000000000000000000000
000000000000000000000000
000000000000000000000000
000000000000000000000000
000000000000000000000000
000000000000000000000000
000000000000000000000000
000000000000000000000000
000000000000000000000000
000000000000000000000000
000000000000000000000000
000000000000000000000000
000000000000011100000000
000000000000011100000000
000000000000001100000000
000000000000001100000000
000000000000001100000000
000000000000001100000000
000000000000001100000000
000000000000001100000000
000000000000001100000000
000000000000001100000000
000000000000001100000000
000000000000001100000000
000000000000001100000000
000000000000001100000000
000000000000001100000000
000000000000001100000000
000000000000001100000000
000000000000001100000000
000000000000001100000000
000000000000001100000000
000000000000000000000000
000000000000000000000000
000000000000000000000000
000000000000000000000000
start_draw_0:
000000000000000000000000
000000000000000000000000
000000000000000000000000
000000000000000000000000
000000000000000000000000
000000000000000000000000
000001100000000000000000
000001110000000000000000
000001110000000000000000
000000110000000000000000
000000110000000000000000
000000110000000000000000
000000110000000000000000
000000110000000000000000
000000110000000000000000
000000110000000000000000
000000110000000000000000
000000110000000000000000
000000110000000000000000
000000110000000000000000
000000110000000000000000
000000110000000000000000
000000110000000000000000
000000110000000000000000
000000110000000000000000
000000110000000000000000
000000110000000000000000
000000000000000000000000
000000000000000000000000
000000000000000000000000
000000000000000000000000
000000000000000000000000
000000000000000000000000
000000000000000000000000
000000000000000000000000
000000000000000000000000
start_draw_0:
000000000000000011000000
000000000000000011000000
000000000000000011000000
000000000000000011000000
000000000000000011000000
000000000000000011000000
000000000000000011000000
000000000000000011000000
000000000000000011000000
000000000000000011000000
000000000000000011000000
000000000000000011000000
000000000000000011000000
000000000000000011000000
000000000000000011000000
000000000000000011000000
000000000000000011000000
000000000000000011000000
000000000000000011000000
000000000000000011100000
000000000000000011100000
000000000000000011100000
000000000000000011100000
000000000000000011100000
000000000000000001100000
000000000000000000000000
000000000000000000000000
000000000000000000000000
000000000000000000000000
000000000000000000000000
000000000000000000000000
000000000000000000000000
000000000000000000000000
000000000000000000000000
000000000000000000000000
000000000000000000000000
start_draw_0:
000000000000000000000000
000000000000000000000000
000000000000000000000000
000000000000000000000000
000000000000000000000000
000000000000000000000000
000000000000000000000000
000000110000000000000000
000000110000000000000000
000000110000000000000000
000000110000000000000000
000000111000000000000000
000000111000000000000000
000000111000000000000000
000000011000000000000000
000000011000000000000000
000000011000000000000000
000000011000000000000000
000000011000000000000000
000000011000000000000000
000000011000000000000000
000000011000000000000000
000000011000000000000000
000000011000000000000000
000000011000000000000000
000000011000000000000000
000000011000000000000000
000000011100000000000000
000000011100000000000000
000000011100000000000000
000000000000000000000000
000000000000000000000000
000000000000000000000000
000000000000000000000000
000000000000000000000000
000000000000000000000000
start_draw_0:
000000000000000000000000
000000000000000000000000
000000000000000000000000
000000000000000000000000
000000000000000000000000
000000000000000000000000
000000000000000000000000
000000000000000000000000
000000000000000000000000
000000000000000000000000
000000000000000000000000
000000000000000000000000
000000000000011000000000
000000000000011000000000
000000000000011000000000
000000000000011000000000
000000000000011000000000
000000000000011000000000
000000000000011000000000
000000000000011000000000
000000000000011000000000
000000000000011000000000
000000000000011000000000
000000000000011000000000
000000000000011000000000
000000000000011000000000
000000000000011000000000
000000000000011000000000
000000000000011000000000
000000000000011000000000
000000000000011000000000
000000000000011000000000
000000000000000000000000
000000000000000000000000
000000000000000000000000
000000000000000000000000
start_draw_0:
000000000000000000000000
000000000000000000000000
000000000000000000000000
000011000000000000000000
000011000000000000000000
000011000000000000000000
000011000000000000000000
000011100000000000000000
000011100000000000000000
000011100000000000000000
000011100000000000000000
000011100000000000000000
000011100000000000000000
000011100000000000000000
000011100000000000000000
000011100000000000000000
000011100000000000000000
000011100000000000000000
000011100000000000000000
000011100000000000000000
000011100000000000000000
000011100000000000000000
000011100000000000000000
000011100000000000000000
000011100000000000000000
000000000000000000000000
000000000000000000000000
000000000000000000000000
000000000000000000000000
000000000000000000000000
000000000000000000000000
000000000000000000000000
000000000000000000000000
000000000000000000000000
000000000000000000000000
000000000000000000000000
start_draw_0:
000000000000000000000000
000000000000000000000000
000000000000000000000000
000000000000000000000000
000000000000001110000000
000000000000001110000000
000000000000001110000000
000000000000001100000000
000000000000001100000000
000000000000001100000000
000000000000001100000000
000000000000001100000000
000000000000001100000000
000000000000001100000000
000000000000001100000000
000000000000001100000000
000000000000001100000000
000000000000001100000000
000000000000001100000000
000000000000001100000000
000000000000001100000000
000000000000001100000000
000000000000001100000000
000000000000001100000000
000000000000001100000000
000000000000001100000000
000000000000001100000000
000000000000001100000000
000000000000001100000000
000000000000000000000000
000000000000000000000000
000000000000000000000000
000000000000000000000000
000000000000000000000000
000000000000000000000000
000000000000000000000000
start_draw_0:
000000000000000000000000
000000000000000000000000
000000000000000000000000
000000000000000000000000
000000000000000000000000
000000000000000000000000
000000000000000000000000
000000000000000000000000
000000000000000000000000
000000000000000000000000
000000000001100000000000
000000000001100000000000
000000000001110000000000
000000000001110000000000
000000000001110000000000
000000000001110000000000
000000000000110000000000
000000000000110000000000
000000000000110000000000
000000000000110000000000
000000000000110000000000
000000000000110000000000
000000000000110000000000
000000000000110000000000
000000000000110000000000
000000000000110000000000
000000000000110000000000
000000000000110000000000
000000000011110000000000
000000000011110000000000
000000000000000000000000
000000000000000000000000
000000000000000000000000
000000000000000000000000
000000000000000000000000
000000000000000000000000
start_draw_0:
000000000000000000000000
000000000000000000000000
000000000000000000000000
000000000000000000000000
000000000000001100000000
000000000000111100000000
000000000001111100000000
000000000011111100000000
000000000111111100000000
000000011111001100000000
000000011110001100000000
000000011100001100000000
000000000000001100000000
000000000000001100000000
000000000000001100000000
000000000000001100000000
000000000000001100000000
000000000000001100000000
000000000000001100000000
000000000000001100000000
000000000000001100000000
000000000000001100000000
000000000000001100000000
000000000000001100000000
000000000000001100000000
000000000000011100000000
000000000011111100000000
000000000111111111100000
000000000111111111100000
000000000000000001100000
000000000000000000000000
000000000000000000000000
000000000000000000000000
000000000000000000000000
000000000000000000000000
000000000000000000000000
start_draw_0:
000000000000000000000000
000000000000000000000000
000000000000000000000000
000000111000000000000000
000001111000000000000000
000011111000000000000000
000011111000000000000000
000011011000000000000000
000000011000000000000000
000000011000000000000000
000000011000000000000000
000000011000000000000000
000000011000000000000000
000000011000000000000000
000000011000000000000000
000000011000000000000000
000000111000000000000000
000000111000000000000000
000000111000000000000000
000000110000000000000000
000000110000000000000000
000001110000000000000000
000001110000000000000000
000001110000000000000000
000001100000000000000000
000011100000000000000000
011111111000000000000000
011111111111100000000000
000011111111100000000000
000000000000000000000000
000000000000000000000000
000000000000000000000000
000000000000000000000000
000000000000000000000000
000000000000000000000000
000000000000000000000000
start_draw_0:
000000000000000000000000
000000000000000000000000
000001110000000000000000
000011110000000000000000
000111110000000000000000
001111110000000000000000
011110110000000000000000
011100110000000000000000
011100110000000000000000
000000110000000000000000
000000110000000000000000
000000110000000000000000
000000110000000000000000
000000110000000000000000
000000110000000000000000
000000110000000000000000
000000110000000000000000
000000110000000000000000
000000110000000000000000
000000110000000000000000
000000110000000000000000
000000110000000000000000
000000110000000000000000
000000110000000000000000
000000110000000000000000
000011110011111100000000
000011111111111100000000
000011111111110000000000
000000000000000000000000
000000000000000000000000
000000000000000000000000
000000000000000000000000
000000000000000000000000
000000000000000000000000
000000000000000000000000
000000000000000000000000
start_draw_0:
000000000000000000000000
000000000000000000000000
000000000000000000000000
000000000000000000000000
000000000000000000000000
000000000000000000000000
000000000000000000000000
000000000000111000000000
000000000000111000000000
000000000001111000000000
000000000001111000000000
000000000011111000000000
000000000111111000000000
000000001111011000000000
000000011110011000000000
000000011100011000000000
000000011100011000000000
000000000000011000000000
000000000000011000000000
000000000000111000000000
000000000000111000000000
000000000000111000000000
000000000000110000000000
000000000001110000000000
000000000001110000000000
000000000001110000000000
000000000001100000000000
000000000011100000000000
000000000011100000000000
000000000011000000000000
000001111111000000000000
000001111111111111111110
000000011111111111111110
000000000000000000000000
000000000000000000000000
000000000000000000000000
start_draw_0:
000000000000000000000000
000000000000000000000000
000111111000000000000000
000111111000000000000000
000000011000000000000000
000000011000000000000000
000000011000000000000000
000000011000000000000000
000000011000000000000000
000000011000000000000000
000000011000000000000000
000000011000000000000000
000000011000000000000000
000000011000000000000000
000000011000000000000000
000000011000000000000000
000000111000000000000000
000000111000000000000000
000000111000000000000000
000000110000000000000000
000001110000000000000000
000001110000000000000000
001111110000000000000000
001111100000000000000000
001111111111110000000000
000011111111111111100000
000000000001111111100000
000000000000000000000000
000000000000000000000000
000000000000000000000000
000000000000000000000000
000000000000000000000000
000000000000000000000000
000000000000000000000000
000000000000000000000000
000000000000000000000000
start_draw_0:
000000000000000000000000
000000000000000000000000
000000000000000000000000
000000000000000000000000
000000000000000000000000
000000000001110000000000
000000000011110000000000
000000000111110000000000
000000011111110000000000
000000011110110000000000
000000011100110000000000
000000000000110000000000
000000000000110000000000
000000000000110000000000
000000000000110000000000
000000000000110000000000
000000000000110000000000
000000000000110000000000
000000000000110000000000
000000000000110000000000
000000000001110000000000
000000000001110000000000
000000000001110000000000
000000000001110000000000
000000000001100000000000
000000000001100000000000
000000000001100000000000
000000000001100000000000
000000000001100000000000
000000111111111111111100
000000111111111111111100
000000111111100000000000
000000000111000000000000
000000000000000000000000
000000000000000000000000
000000000000000000000000
start_draw_0:
000000000000000000000000
000000000000000000000000
000000000000000000000000
000000000000000000000000
000000000000000000000000
000000000000000000000000
000011100000000000000000
000011100000000000000000
000011100000000000000000
000001100000000000000000
000001100000000000000000
000001100000000000000000
000001100000000000000000
000001100000000000000000
000001100000000000000000
000001100000000000000000
000001100000000000000000
000001100000000000000000
000001100000000000000000
000001100000000000000000
000001100000000000000000
000001100000000000000000
000001100000000000000000
000001100000000000000000
000001100000000000000000
000001100000000000000000
000000000000000000000000
000000000000000000000000
000000000000000000000000
000000000000000000000000
000000000000000000000000
000000000000000000000000
000000000000000000000000
000000000000000000000000
000000000000000000000000
000000000000000000000000
start_draw_0:
000000000000000000000000
000000000000000000000000
000000000000000000000000
000000000000000000000000
000000000000000000000000
000000000000000000000000
000000000000000000000000
000000000000000000000000
000000000000000000000000
000000000000000000000000
000000000000000000000000
000000000000000000000000
000000000000000000000000
000000000000000000000000
000000000000000000000000
000000000000001110000000
000000000000001110000000
000000000000000110000000
000000000000000110000000
000000000000000110000000
000000000000000110000000
000000000000000110000000
000000000000000110000000
000000000000000110000000
000000000000000110000000
000000000000000110000000
000000000000000110000000
000000000000000110000000
000000000000000110000000
000000000000000110000000
000000000000000110000000
000000000000000110000000
000000000000000110000000
000000000000000110000000
000000000000000110000000
000000000000000110000000
start_draw_0:
000000000000000000000000
000000000000000000000000
000000000000000000000000
000000000001100000000000
000000000001100000000000
000000000001100000000000
000000000001100000000000
000000000001100000000000
000000000001100000000000
000000000001100000000000
000000000001100000000000
000000000001100000000000
000000000001100000000000
000000000001100000000000
000000000001100000000000
000000000001100000000000
000000000001100000000000
000000000001100000000000
000000000001100000000000
000000000001100000000000
000000000001100000000000
000000000001100000000000
000000000001100000000000
000000000001100000000000
000000000001100000000000
000000000001100000000000
000000000001100000000000
000000000001100000000000
000000000001100000000000
000000000000000000000000
000000000000000000000000
000000000000000000000000
000000000000000000000000
000000000000000000000000
000000000000000000000000
000000000000000000000000
start_draw_0:
000000000000000000000000
000000000000000000000000
000000000000000000000000
000000000000000000000000
000000000000000000000000
000000000000000000000000
000000000000000000000000
000000000000000000110000
000000000000000000110000
000000000000000000110000
000000000000000000110000
000000000000000000110000
000000000000000000110000
000000000000000000110000
000000000000000000110000
000000000000000000110000
000000000000000000110000
000000000000000000110000
000000000000000001110000
000000000000000001110000
000000000000000001110000
000000000000000001110000
000000000000000001110000
000000000000000001110000
000000000000000001110000
000000000000000001110000
000000000000000001100000
000000000000000001100000
000000000000000001100000
000000000000000001100000
000000000000000001100000
000000000000000000000000
000000000000000000000000
000000000000000000000000
000000000000000000000000
000000000000000000000000
start_draw_0:
000000000000000000000000
000000000000000000000000
000000000000000000000000
000000000000000000000000
000000000000000000000000
001100000000000000000000
001100000000000000000000
001100000000000000000000
001100000000000000000000
001100000000000000000000
001100000000000000000000
001100000000000000000000
001100000000000000000000
001100000000000000000000
001100000000000000000000
001100000000000000000000
001100000000000000000000
001100000000000000000000
001100000000000000000000
001100000000000000000000
001110000000000000000000
001110000000000000000000
001110000000000000000000
000110000000000000000000
000000000000000000000000
000000000000000000000000
000000000000000000000000
000000000000000000000000
000000000000000000000000
000000000000000000000000
000000000000000000000000
000000000000000000000000
000000000000000000000000
000000000000000000000000
000000000000000000000000
000000000000000000000000
start_draw_0:
000000000000000000000000
000000000000000000000000
000000000000000000000000
000000000000000000000000
000000000000000000000000
000000000000000000000000
000000000000000000000000
000000000000000000000000
000000000000000000000000
000000000000000000000000
000000000000000000000000
000000000000000000000000
000000000000000000000000
000000000000000000000000
000000111000000000000000
000000111000000000000000
000000111000000000000000
000000011000000000000000
000000011000000000000000
000000011000000000000000
000000011000000000000000
000000011000000000000000
000000011000000000000000
000000011000000000000000
000000011000000000000000
000000011000000000000000
000000011000000000000000
000000011000000000000000
000000011000000000000000
000000011000000000000000
000000011000000000000000
000000000000000000000000
000000000000000000000000
000000000000000000000000
000000000000000000000000
000000000000000000000000
start_draw_0:
000000000000000000000000
000000000000000000000000
000000000000000000000000
000000000000000000000000
000000000000000000011000
000000000000000000111000
000000000000000000111000
000000000000000000111000
000000000000000000111000
000000000000000000111000
000000000000000000110000
000000000000000000110000
000000000000000000110000
000000000000000000110000
000000000000000000110000
000000000000000000110000
000000000000000000110000
000000000000000001110000
000000000000000001110000
000000000000000001110000
000000000000000001110000
000000000000000001100000
000000000000000001100000
000000000000000001100000
000000000000000001100000
000000000000000000000000
000000000000000000000000
000000000000000000000000
000000000000000000000000
000000000000000000000000
000000000000000000000000
000000000000000000000000
000000000000000000000000
000000000000000000000000
000000000000000000000000
000000000000000000000000
start_draw_0:
000000000000000000000000
000000000000000000000000
000000000000000000000000
000000000000000000000000
000000000000000000000000
000000000000000000000000
000000000000000000000000
000000000000000000000000
000000000000000000000000
000000000000000000000000
000000000000000000000000
000000000000000000000000
000000000000000000000000
000000000000000011000000
000000000000000011000000
000000000000000011000000
000000000000000011000000
000000000000000011000000
000000000000000011000000
000000000000000011000000
000000000000000011000000
000000000000000011000000
000000000000000011000000
000000000000000011000000
000000000000000011000000
000000000000000011000000
000000000000000011000000
000000000000000011000000
000000000000000011100000
000000000000000011100000
000000000000000011100000
000000000000000000000000
000000000000000000000000
000000000000000000000000
000000000000000000000000
000000000000000000000000
start_draw_0:
000111000000000000000000
000111000000000000000000
000111000000000000000000
000011000000000000000000
000011000000000000000000
000011000000000000000000
000011100000000000000000
000011100000000000000000
000011100000000000000000
000001100000000000000000
000001100000000000000000
000001100000000000000000
000001100000000000000000
000001100000000000000000
000001110000000000000000
000001110000000000000000
000000000000000000000000
000000000000000000000000
000000000000000000000000
000000000000000000000000
000000000000000000000000
000000000000000000000000
000000000000000000000000
000000000000000000000000
000000000000000000000000
000000000000000000000000
000000000000000000000000
000000000000000000000000
000000000000000000000000
000000000000000000000000
000000000000000000000000
000000000000000000000000
000000000000000000000000
000000000000000000000000
000000000000000000000000
000000000000000000000000
start_draw_0:
000000000000000000000000
000000000000000000000000
000000000000000000000000
000000000000000000000000
000000000000000000000000
000000000000000000000000
000000000000000000000000
000000000000000000000000
000000000000000000000000
000001110000000000000000
000001110000000000000000
000000110000000000000000
000000110000000000000000
000000111000000000000000
000000111000000000000000
000000111000000000000000
000000111000000000000000
000000011000000000000000
000000011000000000000000
000000011000000000000000
000000011000000000000000
000000011000000000000000
000000011000000000000000
000000011000000000000000
000000011000000000000000
000000011000000000000000
000000011000000000000000
000000000000000000000000
000000000000000000000000
000000000000000000000000
000000000000000000000000
000000000000000000000000
000000000000000000000000
000000000000000000000000
000000000000000000000000
000000000000000000000000
start_draw_0:
000000000000000000000000
000000000000000000000000
000000000000000000000000
000000000000000000000000
000000000000000000000000
000000000000000000000000
000000000000000000001100
000000000000000000001100
000000000000000000001100
000000000000000000001100
000000000000000000001100
000000000000000000001100
000000000000000000001100
000000000000000000001100
000000000000000000001100
000000000000000000001100
000000000000000000001100
000000000000000000001100
000000000000000000001100
000000000000000000001100
000000000000000000001100
000000000000000000001100
000000000000000000001100
000000000000000000001100
000000000000000000001100
000000000000000000001100
000000000000000000001100
000000000000000000000000
000000000000000000000000
000000000000000000000000
000000000000000000000000
000000000000000000000000
000000000000000000000000
000000000000000000000000
000000000000000000000000
000000000000000000000000
start_draw_0:
000000000000000000000000
000000000000000000000000
000000000000110000000000
000000000000110000000000
000000000000111000000000
000000000000111000000000
000000000000111000000000
000000000000011000000000
000000000000011100000000
000000000000011100000000
000000000000011100000000
000000000000001100000000
000000000000001100000000
000000000000001100000000
000000000000001110000000
000000000000001110000000
000000000000001110000000
000000000000001110000000
000000000000000110000000
000000000000000110000000
000000000000000000000000
000000000000000000000000
000000000000000000000000
000000000000000000000000
000000000000000000000000
000000000000000000000000
000000000000000000000000
000000000000000000000000
000000000000000000000000
000000000000000000000000
000000000000000000000000
000000000000000000000000
000000000000000000000000
000000000000000000000000
000000000000000000000000
000000000000000000000000
start_draw_0:
000000000000000000000000
000000000000000000000000
000000000000000000000000
000000000000000000000000
000000000000111000000000
000000000000111000000000
000000000000111000000000
000000000000111000000000
000000000000111000000000
000000000000111000000000
000000000000111000000000
000000000000110000000000
000000000000110000000000
000000000000110000000000
000000000000110000000000
000000000000110000000000
000000000000110000000000
000000000000110000000000
000000000000110000000000
000000000000110000000000
000000000000110000000000
000000000000110000000000
000000000000110000000000
000000000000000000000000
000000000000000000000000
000000000000000000000000
000000000000000000000000
000000000000000000000000
000000000000000000000000
000000000000000000000000
000000000000000000000000
000000000000000000000000
000000000000000000000000
000000000000000000000000
000000000000000000000000
000000000000000000000000
start_draw_0:
000000000000000000000000
000000000000000000000000
000000000000000000000000
000000000000000000000000
000000000000000000000000
000000000000000000000000
000000000000000000000000
000000000000000000000000
000000000000000000000000
000000000000000000000000
000001100000000000000000
000001100000000000000000
000001100000000000000000
000001100000000000000000
000001100000000000000000
000001100000000000000000
000001100000000000000000
000001100000000000000000
000001110000000000000000
000001110000000000000000
000001110000000000000000
000001110000000000000000
000001110000000000000000
000000110000000000000000
000000110000000000000000
000000110000000000000000
000000110000000000000000
000000110000000000000000
000000110000000000000000
000000110000000000000000
000000110000000000000000
000000110000000000000000
000000000000000000000000
000000000000000000000000
000000000000000000000000
000000000000000000000000
start_draw_0:
000000000000000000000000
000000000000000000000000
000000000000000000000000
000000000000000000000000
000000000000000000000000
000000000000000000000000
000000000000000000000000
000000000000000000000000
000000000000000000000000
000000000000000000000000
000000000000000000000000
000000000000000000000000
000000000000000000000000
000000000001110000000000
000000000001110000000000
000000000001110000000000
000000000001110000000000
000000000001110000000000
000000000001110000000000
000000000001110000000000
000000000001110000000000
000000000000110000000000
000000000000110000000000
000000000000110000000000
000000000000110000000000
000000000000110000000000
000000000000110000000000
000000000000110000000000
000000000000000000000000
000000000000000000000000
000000000000000000000000
000000000000000000000000
000000000000000000000000
000000000000000000000000
000000000000000000000000
000000000000000000000000
start_draw_0:
000000000000000000000000
000000000000000000000000
000000000000000000000000
000000000000000000000000
000000000000110000000000
000000000000110000000000
000000000000110000000000
000000000000110000000000
000000000000110000000000
000000000000110000000000
000000000000110000000000
000000000001110000000000
000000000001110000000000
000000000001110000000000
000000000001110000000000
000000000001100000000000
000000000001100000000000
000000000001100000000000
000000000001100000000000
000000000011100000000000
000000000011100000000000
000000000011100000000000
000000000000000000000000
000000000000000000000000
000000000000000000000000
000000000000000000000000
000000000000000000000000
000000000000000000000000
000000000000000000000000
000000000000000000000000
000000000000000000000000
000000000000000000000000
000000000000000000000000
000000000000000000000000
000000000000000000000000
000000000000000000000000
start_draw_0:
000000000000000000000000
000000110000000000000000
000000110000000000000000
000000110000000000000000
000000110000000000000000
000000110000000000000000
000000111000000000000000
000000111000000000000000
000000111000000000000000
000000111000000000000000
000000011000000000000000
000000011000000000000000
000000011000000000000000
000000011000000000000000
000000011100000000000000
000000011100000000000000
000000011100000000000000
000000001100000000000000
000000001100000000000000
000000001100000000000000
000000001100000000000000
000000000000000000000000
000000000000000000000000
000000000000000000000000
000000000000000000000000
000000000000000000000000
000000000000000000000000
000000000000000000000000
000000000000000000000000
000000000000000000000000
000000000000000000000000
000000000000000000000000
000000000000000000000000
000000000000000000000000
000000000000000000000000
000000000000000000000000
start_draw_0:
000000000000000000000000
000000000000000000000000
000000000000000000000000
000000000000000000000000
000000000000000000000000
000000000000000000000000
000000000000000000000000
000000000000000000000000
000000000000000000011100
000000000000000000011100
000000000000000000001100
000000000000000000001100
000000000000000000001100
000000000000000000001100
000000000000000000001100
000000000000000000001100
000000000000000000001100
000000000000000000001100
000000000000000000001100
000000000000000000001100
000000000000000000001100
000000000000000000001100
000000000000000000001100
000000000000000000001100
000000000000000000001100
000000000000000000001100
000000000000000000001100
000000000000000000001100
000000000000000000000000
000000000000000000000000
000000000000000000000000
000000000000000000000000
000000000000000000000000
000000000000000000000000
000000000000000000000000
000000000000000000000000
start_draw_0:
000000000000000000000000
000000000000000000000000
000000000000000000000000
000000000000000000000000
000000000000000000000000
000000000000000000000000
000000001100000000000000
000000001100000000000000
000000001100000000000000
000000001100000000000000
000000001100000000000000
000000001100000000000000
000000001100000000000000
000000001100000000000000
000000001100000000000000
000000001100000000000000
000000001100000000000000
000000001100000000000000
000000001100000000000000
000000001100000000000000
000000001100000000000000
000000001100000000000000
000000001100000000000000
000000001100000000000000
000000001100000000000000
000000001100000000000000
000000001100000000000000
000000001100000000000000
000000001100000000000000
000000001100000000000000
000000000000000000000000
000000000000000000000000
000000000000000000000000
000000000000000000000000
000000000000000000000000
000000000000000000000000
start_draw_0:
000000000000000000000000
000000000000000000000000
000000000000000000000000
000000000000000000000000
000000000001100000000000
000000000001110000000000
000000000001110000000000
000000000001110000000000
000000000000110000000000
000000000000110000000000
000000000000111000000000
000000000000111000000000
000000000000111000000000
000000000000011000000000
000000000000011000000000
000000000000011000000000
000000000000011100000000
000000000000011100000000
000000000000011100000000
000000000000001100000000
000000000000001100000000
000000000000001100000000
000000000000001100000000
000000000000001110000000
000000000000001110000000
000000000000001110000000
000000000000000110000000
000000000000000000000000
000000000000000000000000
000000000000000000000000
000000000000000000000000
000000000000000000000000
000000000000000000000000
000000000000000000000000
000000000000000000000000
000000000000000000000000
start_draw_0:
000000000000000000000000
000000000000000000000000
000000000000000000000000
000000000000000000000000
000000000000000000000000
000000000000000000000000
000000000000000000000000
000000000000000111000000
000000000000000111000000
000000000000000011000000
000000000000000111000000
000000000000000111000000
000000000000000111000000
000000000000000110000000
000000000000000110000000
000000000000001110000000
000000000000001110000000
000000000000001100000000
000000000000011100000000
000000000000011100000000
000000000000011100000000
000000000000011000000000
000000000000111000000000
000000000000111000000000
000000000000110000000000
000000000000110000000000
000000000001110000000000
000000000001110000000000
000000000000000000000000
000000000000000000000000
000000000000000000000000
000000000000000000000000
000000000000000000000000
000000000000000000000000
000000000000000000000000
000000000000000000000000
start_draw_0:
000000000000000000000000
000000000000000000000000
000000000000000000000000
000000000000000000000000
000000000000111000000000
000000000011111000000000
000000000111111000000000
000000011111111000000000
000000011110011000000000
000000000000011000000000
000000000000011000000000
000000000000011000000000
000000000000011000000000
000000000000011000000000
000000000000011000000000
000000000000011000000000
000000000000011000000000
000000000000011000000000
000000000000011000000000
000000000000011000000000
000000000000011000000000
000000000000011000000000
000000000000011000000000
000000000000011000000000
000000000000011000000000
000000000000011000000000
000000011111111000000000
000000011111111111110000
000000000000111111110000
000000000000000000000000
000000000000000000000000
000000000000000000000000
000000000000000000000000
000000000000000000000000
000000000000000000000000
000000000000000000000000
start_draw_0:
000000000000000000000000
000000000000000000000000
000000000000000000000000
000000000000000000000000
000000000000000000000000
000000000000000000000000
000000000000000000000000
000000000000000000000000
000000000000000000000000
000000000000001110000000
000000000000001110000000
000000000000011110000000
000000000000111110000000
000000000000111110000000
000000000001111110000000
000000000011110110000000
000000000111100110000000
000000001111000110000000
000000011110000111000000
000000111110000111000000
000000111100000111000000
000000111000000111000000
000000110000000111000000
000000000000000111000000
000000000000000111000000
000000000000000111000000
000000000000000111000000
000000000000000111000000
000000000000000011000000
000000000000000011000000
000000000000000011000000
000000000000000011000000
000000001111100011000000
000000001111111111111111
000000000111111111111111
000000000000000000000000
start_draw_0:
000000000000000000000000
000000011000000000000000
000000011000000000000000
000000011000000000000000
000000011000000000000000
000000011000000000000000
000000011000000000000000
000000011000000000000000
000000011000000000000000
000000011000000000000000
000000011000000000000000
000000011000000000000000
000000011000000000000000
000000011100000000000000
000000011100000000000000
000000011100000000000000
000000001100000000000000
000000000000000000000000
000000000000000000000000
000000000000000000000000
000000000000000000000000
000000000000000000000000
000000000000000000000000
000000000000000000000000
000000000000000000000000
000000000000000000000000
000000000000000000000000
000000000000000000000000
000000000000000000000000
000000000000000000000000
000000000000000000000000
000000000000000000000000
000000000000000000000000
000000000000000000000000
000000000000000000000000
000000000000000000000000