start_draw_0:
000000000000000000000000
000000000000000000000000
000000000000000000000000
000000000000000000000000
000000000000000000000000
000000011111111111000000
000001111111111111000000
000001111000000111000000
000001100000000011100000
000000000000000011100000
000000000000000001100000
000000000000000011100000
000000000000000011100000
000000000000000011100000
000000000000001111000000
000000000000011111000000
000000000000111110000000
000000000011111000000000
000000000111110000000000
000000011111101111110000
000000111111111111110000
000000111111111111000000
000000111110000000000000
000000000000000000000000
000000000000000000000000
000000000000000000000000
000000000000000000000000
000000000000000000000000
000000000000000000000000
000000000000000000000000
000000000000000000000000
000000000000000000000000
000000000000000000000000
000000000000000000000000
000000000000000000000000
000000000000000000000000
start_draw_0:
000000000000000000000000
000000000000000000000000
000000000000000000000000
000000000000000000000000
000000000000000000000000
000001111111111000000000
000011111111111000000000
000111110000111100000000
000111000000011100000000
000000000000011100000000
000000000000011100000000
000000000000011100000000
000000000000111100000000
000000000000111000000000
000000000001111000000000
000000000001110000000000
000000000011100000000000
000000000111100000000000
000000001111000000000000
000000011110000000000000
000001111100000000000000
000001111000000000000000
000001111111111111111100
000001111111111111111100
000000000000000000000000
000000000000000000000000
000000000000000000000000
000000000000000000000000
000000000000000000000000
000000000000000000000000
000000000000000000000000
000000000000000000000000
000000000000000000000000
000000000000000000000000
000000000000000000000000
000000000000000000000000
start_draw_0:
000000000000000000000000
000000000000000000000000
000000000000000000000000
000000000000000000000000
000000000000000000000000
000000000111111111000000
000000011111111111111000
000000011110000011111100
000000011000000000111100
000000000000000000011100
000000000000000000001110
000000000000000000001110
000000000000000000001110
000000000000000000011100
000000000000000000011100
000000000000000000011100
000000000000000000111000
000000000000000001111000
000000000000000011110000
000000000000001111100000
000000000000111111000000
000000000111111110000000
000000000111111111111111
000000000111111111111111
000000000000000000000000
000000000000000000000000
000000000000000000000000
000000000000000000000000
000000000000000000000000
000000000000000000000000
000000000000000000000000
000000000000000000000000
000000000000000000000000
000000000000000000000000
000000000000000000000000
000000000000000000000000
start_draw_0:
000000000000000000000000
000000000000000000000000
000000000000000000000000
000000000000000000000000
000000000000000000000000
000000000000000000000000
000000000000000000000000
001111100000000000000000
011111110000000000000000
011101110000000000000000
011101110000000000000000
000001110000000000000000
000001110000000000000000
000001110000000000000000
000001110000000000000000
000011100000000000000000
000011100000000000000000
000111000000000000000000
000111111111000000000000
000111111111111000000000
000000001111111000000000
000000000000000000000000
000000000000000000000000
000000000000000000000000
000000000000000000000000
000000000000000000000000
000000000000000000000000
000000000000000000000000
000000000000000000000000
000000000000000000000000
000000000000000000000000
000000000000000000000000
000000000000000000000000
000000000000000000000000
000000000000000000000000
000000000000000000000000
start_draw_0:
000000000000000000000000
000000000000000000000000
000000000000000000000000
000000000000000000000000
000000000000111111000000
000000000011111111000000
000000000011111111000000
000000000011100011000000
000000000000000111000000
000000000000000111000000
000000000000000111000000
000000000000001110000000
000000000000011110000000
000000000000011100000000
000000000000111111110000
000000000000111111110000
000000000000000000000000
000000000000000000000000
000000000000000000000000
000000000000000000000000
000000000000000000000000
000000000000000000000000
000000000000000000000000
000000000000000000000000
000000000000000000000000
000000000000000000000000
000000000000000000000000
000000000000000000000000
000000000000000000000000
000000000000000000000000
000000000000000000000000
000000000000000000000000
000000000000000000000000
000000000000000000000000
000000000000000000000000
000000000000000000000000
start_draw_0:
000000000000000000000000
000000000000000000000000
000000000000000000000000
000000000000000000000000
000000000000000000000000
000000000000000000000000
000011111100000000000000
000011111100000000000000
000000001110000000000000
000000001110000000000000
000000001110000000000000
000000001100000000000000
000000001100000000000000
000000001100000000000000
000000011100000000000000
000000011100000000000000
000000111000000000000000
000000111000000000000000
000001111000000000000000
000011110000000000000000
000111100000000000000000
001111000000000000000000
011111000000000000000000
011111111100000000000000
000111111111000000000000
000000011111111000000000
000000000011111100000000
000000000000111110000000
000000000000001110000000
000000000000000000000000
000000000000000000000000
000000000000000000000000
000000000000000000000000
000000000000000000000000
000000000000000000000000
000000000000000000000000
start_draw_0:
000000000000000000000000
000000000000000000000000
000111111111100000000000
000111111111110000000000
000110000001110000000000
000110000000111000000000
000000000000111000000000
000000000000111000000000
000000000000110000000000
000000000000110000000000
000000000001110000000000
000000000001110000000000
000000000011110000000000
000000000011100000000000
000000000111100000000000
000000000111111111110000
000000001111111111110000
000000001111110000000000
000000000000000000000000
000000000000000000000000
000000000000000000000000
000000000000000000000000
000000000000000000000000
000000000000000000000000
000000000000000000000000
000000000000000000000000
000000000000000000000000
000000000000000000000000
000000000000000000000000
000000000000000000000000
000000000000000000000000
000000000000000000000000
000000000000000000000000
000000000000000000000000
000000000000000000000000
000000000000000000000000
start_draw_0:
000000000000000000000000
000000000000000000000000
000000000000000000000000
000000000000000000000000
000000000000000000000000
000000000000000000000000
000000000000000000000000
000000000000000000000000
000000000000000000000000
000000000000000000000000
000000000000000000000000
000000000000000000000000
000000000000000000000000
000000000000000000000000
000000000000000000000000
000000000000000000000000
000000000000000000000000
000000111111100000000000
000001111111100000000000
000001111011110000000000
000011110001110000000000
000011100001110000000000
000011100001100000000000
000011100001100000000000
000000000011100000000000
000000000111100000000000
000000000111000000000000
000000001111000000000000
000000011110000000000000
000000111101100000000000
000001111111100000000000
000001111111100000000000
000000000000000000000000
000000000000000000000000
000000000000000000000000
000000000000000000000000
start_draw_0:
000000000000000000000000
000000000000000000000000
000000000000000000000000
000000000000000000000000
000011111111000000000000
000011111111100000000000
000011100011110000000000
000000000001110000000000
000000000001110000000000
000000000000110000000000
000000000000110000000000
000000000000110000000000
000000000001110000000000
000000000001110000000000
000000000001110000000000
000000000011100000000000
000000000111100000000000
000000001111000000000000
000000011110000000000000
000000011110000000000000
000000111111111100000000
000000111111111100000000
000000000000000000000000
000000000000000000000000
000000000000000000000000
000000000000000000000000
000000000000000000000000
000000000000000000000000
000000000000000000000000
000000000000000000000000
000000000000000000000000
000000000000000000000000
000000000000000000000000
000000000000000000000000
000000000000000000000000
000000000000000000000000
start_draw_0:
000000000000000000000000
000000000000000000000000
000000000000000000000000
000000000000000000000000
000000000000000000000000
000000000000000000000000
000000000000000000000000
000000000000000000000000
000000000000000000000000
000000000000000000000000
000000000000000000000000
000000000000000000000000
000000000000000000000000
000000000000000000000000
000000000001111000000000
000000000011111110000000
000000000011111110000000
000000000011101110000000
000000000011000110000000
000000000011000110000000
000000000011000110000000
000000000000000110000000
000000000000000110000000
000000000000000110000000
000000000000001110000000
000000000000001110000000
000000000000011100000000
000000000000111100000000
000000000001111000000000
000000000011110000000000
000000000111111111110000
000000000111111111110000
000000000111110000000000
000000000000000000000000
000000000000000000000000
000000000000000000000000
start_draw_0:
000000000000000000000000
000000000000000000000000
000000000000000000000000
000000000000000000000000
000000000000000000000000
000000000000000000000000
000001111100000000000000
000011111100000000000000
000111111100000000000000
000111011100000000000000
000000001100000000000000
000000001100000000000000
000000001100000000000000
000000001100000000000000
000000001100000000000000
000000001100000000000000
000000001100000000000000
000000011100000000000000
000000011100000000000000
000000011100000000000000
000000011000000000000000
000000111000000000000000
000011111111000000000000
000011111111111100000000
000011111111111100000000
000000000000000000000000
000000000000000000000000
000000000000000000000000
000000000000000000000000
000000000000000000000000
000000000000000000000000
000000000000000000000000
000000000000000000000000
000000000000000000000000
000000000000000000000000
000000000000000000000000
start_draw_0:
000000000000000000000000
000000000000000000000000
000000000000000000000000
000000000000000000000000
000000001110000000000000
000001111111110000000000
000001111111111000000000
000000000001111100000000
000000000000011100000000
000000000000001110000000
000000000000001110000000
000000000000001110000000
000000000000000110000000
000000000000000110000000
000000000000001110000000
000000000000011110000000
000000000000011100000000
000000000001111100000000
000000000011111000000000
000000000111111000000000
000000000111111100000000
000000000000111100000000
000000000000000000000000
000000000000000000000000
000000000000000000000000
000000000000000000000000
000000000000000000000000
000000000000000000000000
000000000000000000000000
000000000000000000000000
000000000000000000000000
000000000000000000000000
000000000000000000000000
000000000000000000000000
000000000000000000000000
000000000000000000000000
start_draw_0:
000000000000000000000000
000000000000000000000000
000000000000000000000000
000000000000000000000000
000000000000000000000000
000000000000000000000000
000000000000000000000000
000000000000000000000000
000000000000000000000000
000000000000000000000000
000000000000000000000000
000000000000000000000000
000000000000000000000000
000000000000000000000000
000000000000000000000000
000000000000000000000000
111111111110000000000000
111111111111000000000000
111000000111000000000000
110000000011000000000000
000000000111000000000000
000000000111000000000000
000000000111000000000000
000000001110000000000000
000000001110000000000000
000000011100000000000000
000000111100000000000000
000000111000000000000000
000000111111111111111111
000000111111111111111111
000000000000000000000000
000000000000000000000000
000000000000000000000000
000000000000000000000000
000000000000000000000000
000000000000000000000000
start_draw_0:
000000000000000000000000
000000000000000000000000
000000000000000000000000
000000000000000000000000
001111111100000000000000
001111111111000000000000
000000001111000000000000
000000000011100000000000
000000000011100000000000
000000000011100000000000
000000000001100000000000
000000000011100000000000
000000000111100000000000
000000000111000000000000
000000001111000000000000
000000111110000000000000
000001111100000000000000
000111111000000000000000
000111111111000000000000
000111111111000000000000
000000000000000000000000
000000000000000000000000
000000000000000000000000
000000000000000000000000
000000000000000000000000
000000000000000000000000
000000000000000000000000
000000000000000000000000
000000000000000000000000
000000000000000000000000
000000000000000000000000
000000000000000000000000
000000000000000000000000
000000000000000000000000
000000000000000000000000
000000000000000000000000
start_draw_0:
000000000000000000000000
000000000000000000000000
000000000000000000000000
000000000000000000000000
000000000000000000000000
000000000011111100000000
000000000011111110000000
000000000011001111000000
000000000000000111000000
000000000000000111000000
000000000000000011000000
000000000000000011000000
000000000000000011000000
000000000000000011100000
000000000000000111100000
000000000000000111000000
000000000000001110000000
000000000000011110000000
000000000001111100000000
000000000011111000000000
000000000111110000000000
000000011111000000000000
000000111110000000000000
000000111111111110000000
000000111111111111000000
000000000000011111000000
000000000000000000000000
000000000000000000000000
000000000000000000000000
000000000000000000000000
000000000000000000000000
000000000000000000000000
000000000000000000000000
000000000000000000000000
000000000000000000000000
000000000000000000000000
start_draw_0:
000000000000000000000000
000000000000000000000000
000000000000000000000000
000000000000000000000000
000001111111000000000000
000001111111100000000000
000001110011100000000000
000001100001100000000000
000001100001110000000000
000000000001110000000000
000000000001110000000000
000000000001110000000000
000000000001110000000000
000000000001110000000000
000000000001100000000000
000000000011100000000000
000000000111100000000000
000000001111000000000000
000000011110000000000000
000011111100000000000000
000111111000000000000000
000111111111111000000000
000001111111111000000000
000000000000000000000000
000000000000000000000000
000000000000000000000000
000000000000000000000000
000000000000000000000000
000000000000000000000000
000000000000000000000000
000000000000000000000000
000000000000000000000000
000000000000000000000000
000000000000000000000000
000000000000000000000000
000000000000000000000000
start_draw_0:
000000000000000000000000
000000000000000000000000
000000000000000000000000
000000000000000000000000
000000000000000000000000
000000000000000000000000
000000000000000000000000
000000000000000000000000
000000000000000000000000
000000000000000000000000
000000000011100000000000
000000001111111000000000
000000001111111000000000
000000000000111000000000
000000000000111000000000
000000000000111000000000
000000000000111000000000
000000000000111000000000
000000000000110000000000
000000000000110000000000
000000000001110000000000
000000000001110000000000
000000000011110000000000
000000000011100000000000
000000000111100000000000
000000000111000000000000
000000001111000000000000
000000001111111111100000
000000001111111111100000
000000000000000000000000
000000000000000000000000
000000000000000000000000
000000000000000000000000
000000000000000000000000
000000000000000000000000
000000000000000000000000
start_draw_0:
000000000000000000000000
000001100000000000000000
000001111000000000000000
000001111100000000000000
000000011110000000000000
000000001110000000000000
000000000111000000000000
000000000111000000000000
000000000011000000000000
000000000011000000000000
000000000011000000000000
000000000111000000000000
000000000111000000000000
000000001111000000000000
000000001110000000000000
000000011100000000000000
000000111100000000000000
000000111000000000000000
000000111000000000000000
000000111100000000000000
000000111111000000000000
000000011111000000000000
000000000000000000000000
000000000000000000000000
000000000000000000000000
000000000000000000000000
000000000000000000000000
000000000000000000000000
000000000000000000000000
000000000000000000000000
000000000000000000000000
000000000000000000000000
000000000000000000000000
000000000000000000000000
000000000000000000000000
000000000000000000000000
start_draw_0:
000000000000000000000000
000000000000000000000000
000000000000000000000000
000000000000000000000000
000000000000000000000000
000000000000000000000000
000000000000000000000000
000000000000000000000000
000000000000000000000000
000000000000000000000000
000000000000000000000000
000000000000000000000000
000000000000000000000000
000000000000000000000000
000000000000111000000000
000000000000111100000000
000000000000111110000000
000000000000001110000000
000000000000000110000000
000000000000000111000000
000000000000000111000000
000000000000000111000000
000000000000000111000000
000000000000000111000000
000000000000001111000000
000000000000011110000000
000000000000111110000000
000000000001111000000000
000000000001111110000000
000000000001111111111100
000000000000001111111100
000000000000000000000000
000000000000000000000000
000000000000000000000000
000000000000000000000000
000000000000000000000000
start_draw_0:
000000000000000000000000
000000000000000000000000
000000000000000000000000
000000000000000000000000
000111100000000000000000
011111111100000000000000
011111111110000000000000
011100011111000000000000
011100000111000000000000
000000000111000000000000
000000000011000000000000
000000000011100000000000
000000000011100000000000
000000000011100000000000
000000000011100000000000
000000000011000000000000
000000000011000000000000
000000000111000000000000
000000001111000000000000
000000111110000000000000
000001111100000000000000
000011111000000000000000
000011111111110000000000
000001111111110000000000
000000000011110000000000
000000000000000000000000
000000000000000000000000
000000000000000000000000
000000000000000000000000
000000000000000000000000
000000000000000000000000
000000000000000000000000
000000000000000000000000
000000000000000000000000
000000000000000000000000
000000000000000000000000
start_draw_0:
000000000000000000000000
000000000000000000000000
000000000000000000000000
000000000000000000000000
000000000000000000000000
000000000000000000000000
000000000000000000000000
000000000000000000000000
000000000000000000000000
000000000000000000000000
000000000000000000000000
000000000000000000000000
000000000000000000000000
000000000000000000000000
000000000000000000000000
000000001111111110000000
000000001111111111000000
000000001100001111100000
000000000000000011100000
000000000000000011100000
000000000000000001100000
000000000000000011100000
000000000000000011100000
000000000000000111000000
000000000000001111000000
000000000000011110000000
000000000000111100000000
000000000001111000000000
000000000011111111111110
000000000011111111111110
000000000000000000000000
000000000000000000000000
000000000000000000000000
000000000000000000000000
000000000000000000000000
000000000000000000000000
start_draw_0:
000000000000000000000000
000000000000000000000000
001111000000000000000000
011111100000000000000000
011111100000000000000000
011001100000000000000000
000001100000000000000000
000001100000000000000000
000011100000000000000000
000011100000000000000000
000111000000000000000000
001111000000000000000000
001110000000000000000000
011110000000000000000000
011100000000000000000000
011000000000000000000000
011111110000000000000000
011111111110000000000000
000011111110000000000000
000000000000000000000000
000000000000000000000000
000000000000000000000000
000000000000000000000000
000000000000000000000000
000000000000000000000000
000000000000000000000000
000000000000000000000000
000000000000000000000000
000000000000000000000000
000000000000000000000000
000000000000000000000000
000000000000000000000000
000000000000000000000000
000000000000000000000000
000000000000000000000000
000000000000000000000000
start_draw_0:
000000000000000000000000
000000000000000000000000
000000000000000000000000
000000000000000000000000
000000000000000000000000
000000000000000000000000
000111111111000000000000
000111111111110000000000
000000000111110000000000
000000000001110000000000
000000000001110000000000
000000000001110000000000
000000000001110000000000
000000000001100000000000
000000000011100000000000
000000000011100000000000
000000000111000000000000
000000000111000000000000
000000001110000000000000
000000001111000000000000
000000001111111100000000
000000000111111111100000
000000000000011111100000
000000000000000000000000
000000000000000000000000
000000000000000000000000
000000000000000000000000
000000000000000000000000
000000000000000000000000
000000000000000000000000
000000000000000000000000
000000000000000000000000
000000000000000000000000
000000000000000000000000
000000000000000000000000
000000000000000000000000
start_draw_0:
000000000000000000000000
000000000000000000000000
000000000000000000000000
000000000000000000000000
000011110000000000000000
000111111000000000000000
001111111000000000000000
001110011000000000000000
001110011000000000000000
001110011000000000000000
000000011000000000000000
000000011000000000000000
000000011000000000000000
000000111000000000000000
000000111000000000000000
000000111000000000000000
000001110000000000000000
000001110000000000000000
000011100000000000000000
000011111111111000000000
000011111111111000000000
000000000000000000000000
000000000000000000000000
000000000000000000000000
000000000000000000000000
000000000000000000000000
000000000000000000000000
000000000000000000000000
000000000000000000000000
000000000000000000000000
000000000000000000000000
000000000000000000000000
000000000000000000000000
000000000000000000000000
000000000000000000000000
000000000000000000000000
start_draw_0:
000000000000000000000000
000000000000000000000000
000000000000000000000000
000000000000000000000000
000000000000000000000000
000000000000000000000000
000000000000000000000000
000000000000000000000000
000000000000000000000000
000000000000000000000000
000000000000000000000000
000000000000000000000000
000000000000000000000000
000000111111000000000000
000001111111100000000000
000011110111110000000000
000011100001110000000000
000011100001110000000000
000011000001110000000000
000000000001110000000000
000000000011110000000000
000000000011100000000000
000000000111100000000000
000000001111000000000000
000000011110000000000000
000000111100000000000000
000001111100000000000000
000011111000000000000000
000011111111111111100000
000011111111111111100000
000000000000000000000000
000000000000000000000000
000000000000000000000000
000000000000000000000000
000000000000000000000000
000000000000000000000000
start_draw_0:
000000000000000000000000
000000000000000000000000
000111111100000000000000
001111111100000000000000
001110001110000000000000
001100001110000000000000
000000001110000000000000
000000001110000000000000
000000001110000000000000
000000001100000000000000
000000011100000000000000
000000111100000000000000
000001111000000000000000
000011110000000000000000
000111110000000000000000
001111100000000000000000
011111000000000000000000
111110000000000000000000
111000000000000000000000
111111111000000000000000
111111111000000000000000
000000000000000000000000
000000000000000000000000
000000000000000000000000
000000000000000000000000
000000000000000000000000
000000000000000000000000
000000000000000000000000
000000000000000000000000
000000000000000000000000
000000000000000000000000
000000000000000000000000
000000000000000000000000
000000000000000000000000
000000000000000000000000
000000000000000000000000
start_draw_0:
000000000000000000000000
000000000000000000000000
000000000000000000000000
000000000000000000000000
000000000000000000000000
000000000011111000000000
000000000111111110000000
000000000111111110000000
000000000110000111000000
000000000000000111000000
000000000000000111000000
000000000000000011000000
000000000000000011000000
000000000000000011000000
000000000000000011000000
000000000000000011000000
000000000000000111000000
000000000000001111000000
000000000000001110000000
000000000000011110000000
000000000000111100000000
000000000011111100000000
000000000111110000000000
000000001111111100000000
000000001111111111000000
000000000000011111000000
000000000000000000000000
000000000000000000000000
000000000000000000000000
000000000000000000000000
000000000000000000000000
000000000000000000000000
000000000000000000000000
000000000000000000000000
000000000000000000000000
000000000000000000000000
start_draw_0:
000000000000000000000000
000000000000000000000000
000000000000000000000000
000000000000000000000000
000000000000000000000000
000000000000000000000000
000000000000000000000000
000000000000000000000000
000000000000000000000000
000000000000000000000000
000000000000000000000000
000000000000000000000000
000000000000000000000000
000000000000000000000000
000000000000000000000000
000000000000000000000000
000000000000000000000000
000000000000000000000000
000000000000000000000000
000000001111110000000000
000000111111110000000000
000000111101110000000000
000000111001110000000000
000000110011110000000000
000000110011100000000000
000000000111100000000000
000000001111000000000000
000000001110000000000000
000000011110000000000000
000000111100000000111000
000000111111111111111000
000000111111111111111000
000000000000000000000000
000000000000000000000000
000000000000000000000000
000000000000000000000000
start_draw_0:
000000000000000000000000
000000000000000000000000
000000000000000000000000
000000000000000000000000
000011111100000000000000
000111111110000000000000
000111101111000000000000
000110000111100000000000
000110000011100000000000
000000000011100000000000
000000000011100000000000
000000000011100000000000
000000000011100000000000
000000000111000000000000
000000000111000000000000
000000001110000000000000
000000011110000000000000
000000111100000000000000
000001111000000000000000
000011110000000000000000
000011111000000000000000
000011111111000000000000
000000111111111100000000
000000000011111111000000
000000000000011111000000
000000000000000000000000
000000000000000000000000
000000000000000000000000
000000000000000000000000
000000000000000000000000
000000000000000000000000
000000000000000000000000
000000000000000000000000
000000000000000000000000
000000000000000000000000
000000000000000000000000
start_draw_0:
000000000000000000000000
000000000000000000000000
000000000000000000000000
000000000000000000000000
000000000000000000000000
000000001111110000000000
000000001111111000000000
000000001100111100000000
000000001100011100000000
000000000000011100000000
000000000000001100000000
000000000000001100000000
000000000000001100000000
000000000000011100000000
000000000000111100000000
000000000000111000000000
000000000011111000000000
000111101111110000000000
001111111111100000000000
001111111110000000000000
000111111110000000000000
000000011111000000000000
000000000111100000000000
000000000011111000000000
000000000001111100000000
000000000000111110000000
000000000000001111000000
000000000000000111000000
000000000000000000000000
000000000000000000000000
000000000000000000000000
000000000000000000000000
000000000000000000000000
000000000000000000000000
000000000000000000000000
000000000000000000000000
start_draw_0:
000000000000000000000000
000000000000000000000000
000000000000000000000000
000000001111100000000000
000000011111110000000000
000000011101111000000000
000000011000111000000000
000000011000011000000000
000000000000011100000000
000000000000011100000000
000000000000011100000000
000000000000001100000000
000000000000011100000000
000000000000011100000000
000000000000011100000000
000011111000111000000000
001111111111111000000000
001111111111110000000000
001111111111110000000000
000111111111111000000000
000000000001111100000000
000000000000011111000000
000000000000001111100000
000000000000000111110000
000000000000000001110000
000000000000000000110000
000000000000000000000000
000000000000000000000000
000000000000000000000000
000000000000000000000000
000000000000000000000000
000000000000000000000000
000000000000000000000000
000000000000000000000000
000000000000000000000000
000000000000000000000000
start_draw_0:
000000000000000000000000
000000000000000000000000
000000000000000000000000
000001111111110000000000
000011111111110000000000
000111100001110000000000
001111000000110000000000
001110000000110000000000
001110000001110000000000
000000000001110000000000
000000000011110000000000
000000000011100000000000
000000001111100000000000
000000011111000000000000
000000111110000000000000
000001111100000000000000
000111110000000000000000
011111100000000000000000
111111100000000000000000
111111111000000000000000
100011111110000000000000
000000011111000000000000
000000001111110000000000
000000000011111100000000
000000000001111111100000
000000000000011111110000
000000000000000011110000
000000000000000000000000
000000000000000000000000
000000000000000000000000
000000000000000000000000
000000000000000000000000
000000000000000000000000
000000000000000000000000
000000000000000000000000
000000000000000000000000
start_draw_0:
000000000000000000000000
000000000111111110000000
000000000111111111000000
000000000111001111000000
000000000000000011100000
000000000000000011100000
000000000000000011100000
000000000000000011100000
000000000000000111000000
000000000000001111000000
000000000000011110000000
000000000000111110000000
000000000000111100000000
000000000001111000000000
000000000001111100000000
000000000001111100000000
000000000001111100000000
000000000000000000000000
000000000000000000000000
000000000000000000000000
000000000000000000000000
000000000000000000000000
000000000000000000000000
000000000000000000000000
000000000000000000000000
000000000000000000000000
000000000000000000000000
000000000000000000000000
000000000000000000000000
000000000000000000000000
000000000000000000000000
000000000000000000000000
000000000000000000000000
000000000000000000000000
000000000000000000000000
000000000000000000000000
start_draw_0:
000000000000000000000000
000000000000000000000000
000000000000000000000000
000000000000000000000000
000000000000000000000000
000000000000000000000000
000000000000000000000000
000000000000000000000000
000000000000000000000000
000000000000000000000000
000000000000000000000000
000000000000000000000000
000000000000000000000000
000000000000000000000000
000000000000000000000000
000000000111110000000000
000000111111111110000000
000001111111111111000000
000001110000000111000000
000001100000000111000000
000001100000000011000000
000001100000000111000000
000000000000001111000000
000000000000011110000000
000000011110111100000000
000001111111111100000000
000001111111111111100000
000001111111111111110000
000000111100000011110000
000000000000000000000000
000000000000000000000000
000000000000000000000000
000000000000000000000000
000000000000000000000000
000000000000000000000000
000000000000000000000000
start_draw_0:
000000000000000000000000
000000000000000000000000
000000000000000000000000
011111111100000000000000
111111111111000000000000
111100001111000000000000
110000000111000000000000
000000000011000000000000
000000000111000000000000
000000000111000000000000
000000001110000000000000
000000011110000000000000
000001111110000000000000
001111111000000000000000
001111111111000000000000
000000111111111000000000
000000000111111110000000
000000000000111111000000
000000000000000111100000
000000000000000011100000
000000000000000000000000
000000000000000000000000
000000000000000000000000
000000000000000000000000
000000000000000000000000
000000000000000000000000
000000000000000000000000
000000000000000000000000
000000000000000000000000
000000000000000000000000
000000000000000000000000
000000000000000000000000
000000000000000000000000
000000000000000000000000
000000000000000000000000
000000000000000000000000
start_draw_0:
000000000000000000000000
000000000000000000000000
000000000000000000000000
000000000000000000000000
000000000000000000000000
000000000000000000000000
000000000000000000000000
000000000000000000000000
000000000000000000000000
000000000000000000000000
000000011111000000000000
000000011111100000000000
000000011111100000000000
000000011011100000000000
000000011001100000000000
000000011101100000000000
000000011101100000000000
000000011101100000000000
000000001101100000000000
000000000001100000000000
000000000011100000000000
000000000011100000000000
000000000111100000000000
011111101111000000000000
011111111110000000000000
011111111100000000000000
001111111111000000000000
000000011111111100000000
000000000111111111000000
000000000000011111000000
000000000000000000000000
000000000000000000000000
000000000000000000000000
000000000000000000000000
000000000000000000000000
000000000000000000000000
start_draw_0:
000000000000000000000000
000000000000000000000000
000011100000000000000000
000011110000000000000000
000001111000000000000000
000000111000000000000000
000000111100000000000000
000000011100000000000000
000000001110000000000000
000000001110000000000000
000000001110000000000000
000000000110000000000000
000000001110000000000000
000000001110000000000000
000000001110000000000000
000000011110000000000000
000001111100000000000000
000111111000000000000000
111111111111100000000000
111111111111111111000000
000000000011111111000000
000000000000000000000000
000000000000000000000000
000000000000000000000000
000000000000000000000000
000000000000000000000000
000000000000000000000000
000000000000000000000000
000000000000000000000000
000000000000000000000000
000000000000000000000000
000000000000000000000000
000000000000000000000000
000000000000000000000000
000000000000000000000000
000000000000000000000000
start_draw_0:
000000000000000000000000
000000000000000000000000
000000000000000000000000
000000000000000000000000
000000000000000000000000
000000000000000000000000
000000000000000000000000
000000000000000000000000
000000000000000000000000
000000000000000000000000
000000000000000000000000
000000000000000000000000
000000000000000000000000
000000000000000000000000
000000000000000000000000
000000000000000000000000
000000000000000000000000
000001111110000000000000
000011111110000000000000
000011100111000000000000
000011100111000000000000
000011000111000000000000
000011000011000000000000
000000000011000000000000
000000000011000000000000
000000000111000000000000
000000000111000000000000
000000000111000000000000
000000001110000000000000
000000011110000000000000
000000111100000000000000
000111111111111000000000
000111111111111111111000
000111000000111111111000
000000000000000000000000
000000000000000000000000
start_draw_0:
000000000000000000000000
000000000000000000000000
000000000000000000000000
000000001111100000000000
000000001111110000000000
000000001111111000000000
000000000000111100000000
000000000000011100000000
000000000000011100000000
000000000000011100000000
000000000000011100000000
000000000000011000000000
000000000000111000000000
000000000001111000000000
000000000011110000000000
000000000011100000000000
000000000111100000000000
000000001111000000000000
000000011110000000000000
000000011111111100000000
000000011111111100000000
000000000000000000000000
000000000000000000000000
000000000000000000000000
000000000000000000000000
000000000000000000000000
000000000000000000000000
000000000000000000000000
000000000000000000000000
000000000000000000000000
000000000000000000000000
000000000000000000000000
000000000000000000000000
000000000000000000000000
000000000000000000000000
000000000000000000000000
start_draw_0:
000000000000000000000000
000000000000000000000000
000000000000000000000000
000000000000000000000000
000000000000000000000000
000001111111000000000000
000111111111110000000000
001111111111110000000000
001110000001111000000000
001100000000111000000000
000000000000111000000000
000000000000111000000000
000000000000111000000000
000000000000111000000000
000000000001111000000000
000000000011110000000000
000000000111100000000000
000000000111000000000000
000000001111000000000000
000000111110000000000000
000001111100000000000000
000111111000000000000000
001111111100000000000000
001111111111100000000000
001100011111111100000000
000000000011111111100000
000000000000011111100000
000000000000000011100000
000000000000000000000000
000000000000000000000000
000000000000000000000000
000000000000000000000000
000000000000000000000000
000000000000000000000000
000000000000000000000000
000000000000000000000000
start_draw_0:
000000000000000000000000
000000000000000000000000
000000000000000000000000
000000000000000000000000
000000000000000000000000
000000000000000000000000
000000000000000000000000
000000000000000000000000
000000000000000000000000
000000000000000000000000
000000000000000000000000
000000000000000000000000
000000000000000000000000
000000000000000000000000
000000000000000000000000
000000000000000000000000
000000000000000000000000
000000000000000000000000
000000111111000000000000
000001111111000000000000
000011110011100000000000
000011100011100000000000
000011100011100000000000
000000000011100000000000
000000000001100000000000
000000000011100000000000
000000000011100000000000
000000000011100000000000
000000000111000000000000
000000000111000000000000
000001111111000000000000
000001111111111111110000
000001111111111111111100
000001111100000001111100
000001111000000000000000
000000000000000000000000
start_draw_0:
000000000000000000000000
000000000000000000000000
000000011111100000000000
000000111111111000000000
000001111111111100000000
000011110000011100000000
000011100000011100000000
000011000000001100000000
000011000000001100000000
000000000000001110000000
000000000000001110000000
000000000000001100000000
000000000000011100000000
000000000000011100000000
000000000001111000000000
000000000011111000000000
000000000111110000000000
000000111111100000000000
000111111110000000000000
111111110000000000000000
111111111100000000000000
000011111111110000000000
000000001111111111000000
000000000001111111000000
000000000000000111000000
000000000000000000000000
000000000000000000000000
000000000000000000000000
000000000000000000000000
000000000000000000000000
000000000000000000000000
000000000000000000000000
000000000000000000000000
000000000000000000000000
000000000000000000000000
000000000000000000000000
start_draw_0:
000000000000000000000000
000000000000000000000000
000000000000000000000000
000000000000000000000000
000000000000000000000000
000000000000000000000000
000000000000000000000000
000000000000000000000000
000000000000000000000000
000000000000000000000000
000000011111100000000000
000000011111100000000000
000000111011100000000000
000000111001100000000000
000000111001100000000000
000000000001100000000000
000000000001100000000000
000000000001100000000000
000000000001100000000000
000000000001100000000000
000000000011100000000000
000000000011100000000000
000000000111100111111110
000000000111111111111110
000000001111111111111110
000000001110000000000000
000000000000000000000000
000000000000000000000000
000000000000000000000000
000000000000000000000000
000000000000000000000000
000000000000000000000000
000000000000000000000000
000000000000000000000000
000000000000000000000000
000000000000000000000000
start_draw_0:
000000000000000000000000
000000000000000000000000
000000000000000000000000
000000000000000000000000
011111000000000000000000
011111110000000000000000
011011110000000000000000
011001110000000000000000
000000110000000000000000
000000110000000000000000
000000110000000000000000
000000110000000000000000
000000110000000000000000
000001110000000000000000
000001110000000000000000
000011110000000000000000
000011100000000000000000
000111100000000000000000
000111000000000000000000
001111000000000000000000
011111000000000000000000
011111111111100000000000
000111111111111000000000
000000000011111000000000
000000000000000000000000
000000000000000000000000
000000000000000000000000
000000000000000000000000
000000000000000000000000
000000000000000000000000
000000000000000000000000
000000000000000000000000
000000000000000000000000
000000000000000000000000
000000000000000000000000
000000000000000000000000
start_draw_0:
000000000000000000000000
000000000000000000000000
000000000000000000000000
000000000000000000000000
000000000000000000000000
000000000000000000000000
000000000000000000000000
000000000000000000000000
000000000000000000000000
000000000000000000000000
000000000000000000000000
000000000000000000000000
000000000000000000000000
000000000000000000000000
000000000000000000000000
000000000000000000000000
000000000000000000000000
000000000000000000000000
000000000000000000000000
000000001111110000000000
000000011111111000000000
000000111110111000000000
000001111000111000000000
000011110000011000000000
000011100000011100000000
000111100000011100000000
000111000000011100000000
000111000000111100000000
000110000000111000000000
000110000001111000000000
000110000011110000000000
000000000111100000000000
000000001111111111110000
000000001111111111110000
000000000000000000000000
000000000000000000000000
start_draw_0:
000000000000000000000000
000000000000000000000000
000000000000000000000000
111111111000000000000000
111111111110000000000000
111001111111000000000000
100000001111100000000000
000000000011100000000000
000000000001100000000000
000000000001100000000000
000000000001100000000000
000000000001100000000000
000000000001100000000000
000000000011100000000000
000000000111100000000000
000000001111000000000000
000000011111000000000000
000001111110000000000000
000001111000000000000000
000001111110000000000000
000000111111111100000000
000000001111111100000000
000000000000000000000000
000000000000000000000000
000000000000000000000000
000000000000000000000000
000000000000000000000000
000000000000000000000000
000000000000000000000000
000000000000000000000000
000000000000000000000000
000000000000000000000000
000000000000000000000000
000000000000000000000000
000000000000000000000000
000000000000000000000000
start_draw_0:
000000000000000000000000
000000000000000000000000
000000000000000000000000
000000000000000000000000
000000000000000000000000
000000000000000000000000
000000000000000000000000
000000000000000000000000
000000000000000000000000
000000000000000000000000
000000000000000000000000
000000000000000000000000
000000000000000000000000
000000000000000000000000
000000000000000000000000
000000011111000000000000
000000111111100000000000
000000111111100000000000
000001110001100000000000
000001110011100000000000
000001100011100000000000
000000000011100000000000
000000000111000000000000
000000001111000000000000
000000011110000000000000
000000111100000000000000
000001111000000000000000
000011111000000000000000
000011110000000000000000
000111111111111100000000
000111111111111100000000
000111111110000000000000
000000000000000000000000
000000000000000000000000
000000000000000000000000
000000000000000000000000
start_draw_0:
000000000000000000000000
000000000000000000000000
000000000000000000000000
000000000000000000000000
000000000000000000000000
000000000000000000000000
000000000000000000000000
000000000000000000000000
000000000000000000000000
000000000000000000000000
000000000000000000000000
000000000000000000000000
000000000001110000000000
000000000011111100000000
000000000011111110000000
000000000000001110000000
000000000000001110000000
000000000000001110000000
000000000000001110000000
000000000000001110000000
000000000000011110000000
000000000000111100000000
000000000001111000000000
000000000011111000000000
000000001111110000000000
000000011111000000000000
000001111110000000000000
000001111000000000000000
000001111111000000000000
000000111111111100000000
000000000111111100000000
000000000000001100000000
000000000000000000000000
000000000000000000000000
000000000000000000000000
000000000000000000000000
start_draw_0:
000000000000000000000000
000000000000000000000000
000000000000000000000000
000000000000000000000000
000000011111111100000000
000000011111111110000000
000000011000011110000000
000000000000000110000000
000000000000000111000000
000000000000000111000000
000000000000000011000000
000000000000000011000000
000000000000000011000000
000000000000000011000000
000000000000000011000000
000000000000000011000000
000000000000000111000000
000000000000001111000000
000000000000011110000000
000000000000111100000000
000000000111111100000000
000000011111110000000000
000000011111000000000000
000000011111111100000000
000000000011111100000000
000000000000000000000000
000000000000000000000000
000000000000000000000000
000000000000000000000000
000000000000000000000000
000000000000000000000000
000000000000000000000000
000000000000000000000000
000000000000000000000000
000000000000000000000000
000000000000000000000000
start_draw_0:
000000000000000000000000
000000000000000000000000
000000000000000000000000
000000000000000000000000
001111110000000000000000
001111111000000000000000
001100111000000000000000
001100111100000000000000
000000011100000000000000
000000011100000000000000
000000001100000000000000
000000001100000000000000
000000001100000000000000
000000001100000000000000
000000001100000000000000
000000001100000000000000
000000011100000000000000
000000111100000000000000
000001111000000000000000
000011110000000000000000
001111110000000000000000
111111000000000000000000
111110000000000000000000
111100000000000000000000
111111110000000000000000
001111111110000000000000
000001111110000000000000
000000000000000000000000
000000000000000000000000
000000000000000000000000
000000000000000000000000
000000000000000000000000
000000000000000000000000
000000000000000000000000
000000000000000000000000
000000000000000000000000
start_draw_0:
000000000000000000000000
000000000000000000000000
000000000000000000000000
000000000000000000000000
000000000000000000000000
000000000000000000000000
000000000000000000000000
000000000000000000000000
000000000000000000000000
000000000000000000000000
000000000000000000000000
000000000000000000000000
000000000000000000000000
000000000001110000000000
000001111111111111000000
000011111111111111000000
000111110000000111100000
001111000000000011100000
001110000000000001100000
001110000000000001100000
000000000000000011100000
000000000000000011100000
000000000000000111100000
000000000000001111000000
000000000000001110000000
000000000000011110000000
000000000000111100000000
000000000001111000000000
000000000011110000000000
000000000111100000000000
000000001111000000000000
000000011110111111111000
000001111111111111111000
000001111111111111111000
000001110000000000000000
000000000000000000000000
start_draw_0:
000000000000000000000000
000000000000000000000000
000000000000000000000000
000000000000000000000000
000000000000000000000000
000000000000000000000000
000000000000000000000000
000000000000000000000000
000000000000000000000000
000000000000000000000000
000000000001110000000000
000000000111111111000000
000000000111111111100000
000000000110000011110000
000000000110000001110000
000000000000000001110000
000000000000000000110000
000000000000000000111000
000000000000000000111000
000000000000000000111000
000000000000000001110000
000000000000000001110000
000000000000000011100000
000000000000000111100000
000000000000001111100000
000000000000011110000000
000000000001111100000000
000000000011111000000000
000000000111110000000000
000000001111100000000000
000000011110000000000000
000000111111111111100000
000000111111111111111110
000000111110000011111110
000000000000000000000000
000000000000000000000000
start_draw_0:
000000000000000000000000
000000000000000000000000
000000000000000000000000
000111111111000000000000
000111111111100000000000
000111000111110000000000
000000000001111000000000
000000000000111000000000
000000000000111000000000
000000000000011000000000
000000000000011000000000
000000000000011000000000
000000000000011000000000
000000000000111000000000
000000000000111000000000
000000000000111000000000
000000000001110000000000
000000000001110000000000
000000000011100000000000
000000000111100000000000
000000001111000000000000
000000001110000000000000
000000111110000000000000
000000111110000000000000
000000111111111000000000
000000011111111000000000
000000000000000000000000
000000000000000000000000
000000000000000000000000
000000000000000000000000
000000000000000000000000
000000000000000000000000
000000000000000000000000
000000000000000000000000
000000000000000000000000
000000000000000000000000
start_draw_0:
000000000000000000000000
000000000000000000000000
000000000000000000000000
000000000000000000000000
000000001111111000000000
000000011111111110000000
000000011110111111000000
000000011100000111000000
000000000000000011100000
000000000000000011100000
000000000000000011100000
000000000000000011100000
000000000000000011000000
000000000000000011000000
000000000000000111000000
000000000000001111000000
000000000000011110000000
000000000001111100000000
000001111111111000000000
111111111111110000000000
111111111000000000000000
011111111000000000000000
000011111110000000000000
000000111111100000000000
000000001111100000000000
000000000011100000000000
000000000000000000000000
000000000000000000000000
000000000000000000000000
000000000000000000000000
000000000000000000000000
000000000000000000000000
000000000000000000000000
000000000000000000000000
000000000000000000000000
000000000000000000000000
start_draw_0:
000000000000000000000000
000000000000000000000000
000000000000000000000000
000000000000000000000000
000000000000000000000000
000111111000000000000000
001111111110000000000000
001110011111000000000000
000000000111100000000000
000000000011100000000000
000000000011100000000000
000000000001100000000000
000000000001100000000000
000000000001100000000000
000000000011100000000000
000000000011100000000000
000000000111000000000000
000000001111000000000000
000000011111000000000000
000001111100000000000000
000011111000000000000000
000111111111111000000000
000111111111111000000000
000000000000011000000000
000000000000000000000000
000000000000000000000000
000000000000000000000000
000000000000000000000000
000000000000000000000000
000000000000000000000000
000000000000000000000000
000000000000000000000000
000000000000000000000000
000000000000000000000000
000000000000000000000000
000000000000000000000000
start_draw_0:
000000000000000000000000
000000000000000000000000
000000000000000000000000
000000000000000000000000
000000000000000000000000
000000000000000000000000
000000000000000000000000
000000000000000000000000
000000000000000000000000
000000000000000000000000
000000000000000000000000
000000011111000000000000
000000111111110000000000
000000111111111000000000
000000110000111000000000
000000000000011100000000
000000000000011100000000
000000000000011100000000
000000000000011100000000
000000000000111000000000
000000000000111000000000
000000000001111000000000
000000000011110000000000
000000000111100000000000
000000001111000000000000
000000111110000000000000
000001111100000000000000
000111111000000000000000
001111110000000000000000
001111000000000000000000
001111110000000000000000
000011111000000000000000
000001111110000000000000
000000011111110000000000
000000000111111111000000
000000000001111111000000
start_draw_0:
000000000000000000000000
000000000000000000000000
000000000000000000000000
000000000000000000000000
000000000000000000000000
000000000000000000000000
000000000000000000000000
000000000001111111000000
000000000011111111100000
000000000011100111110000
000000000011100001110000
000000000011100001110000
000000000001100000110000
000000000000000000110000
000000000000000000110000
000000000000000001110000
000000000000000001110000
000000000000000111100000
000000000000001111100000
000000000000011111000000
000000000000111100000000
000000000000111111100000
000000000000111111110000
000000000000000011110000
000000000000000000000000
000000000000000000000000
000000000000000000000000
000000000000000000000000
000000000000000000000000
000000000000000000000000
000000000000000000000000
000000000000000000000000
000000000000000000000000
000000000000000000000000
000000000000000000000000
000000000000000000000000
start_draw_0:
000000000000000000000000
000001110000000000000000
000001110000000000000000
000001111000000000000000
000000111000000000000000
000000111100000000000000
000000011100000000000000
000000011100000000000000
000000001100000000000000
000000001110000000000000
000000001110000000000000
000000001110000000000000
000000001110000000000000
000000001100000000000000
000000011100000000000000
000001111100000000000000
000001111100000000000000
000001111111000000000000
000000011111000000000000
000000000000000000000000
000000000000000000000000
000000000000000000000000
000000000000000000000000
000000000000000000000000
000000000000000000000000
000000000000000000000000
000000000000000000000000
000000000000000000000000
000000000000000000000000
000000000000000000000000
000000000000000000000000
000000000000000000000000
000000000000000000000000
000000000000000000000000
000000000000000000000000
000000000000000000000000
start_draw_0:
000000000000000000000000
000000000000000000000000
000000000000000000000000
000000000000000000000000
000000000000000000000000
000000000000000000000000
000000000000000000000000
000000000000000000000000
000000001110000000000000
000000111111110000000000
000001111111111000000000
000001110000111000000000
000000000000111000000000
000000000001111000000000
000000000001110000000000
000000000011110000000000
000000000111100000000000
000000001111000000000000
000000011110000000000000
000000111100000000000000
000001111000000000000000
000001111111110000000000
000001111111110000000000
000000011111110000000000
000000000000000000000000
000000000000000000000000
000000000000000000000000
000000000000000000000000
000000000000000000000000
000000000000000000000000
000000000000000000000000
000000000000000000000000
000000000000000000000000
000000000000000000000000
000000000000000000000000
000000000000000000000000
start_draw_0:
000000000000000000000000
000000000000000000000000
000000000000000000000000
000000000000000000000000
000000000000000000000000
000000000000000000000000
000000000000000000000000
000000000000000000000000
000000000000000000000000
000000000000000000000000
000000000000000000000000
000000000000000000000000
000000000000000000000000
000000000000000000000000
000000000000000000000000
000000000000000000000000
000000000000000000000000
000000111111100000000000
000011111111111000000000
000011110011111100000000
000111000000011100000000
000111000000001100000000
000110000000001100000000
000110000000001100000000
000110000000011100000000
000110000000111100000000
000000000001111000000000
000000000011110000000000
000000000111110000000000
000000000111111111111110
000000000111111111111110
000000000000000000011110
000000000000000000000000
000000000000000000000000
000000000000000000000000
000000000000000000000000
start_draw_0:
000000000000000000000000
000000000000000000000000
000000000000000000000000
000000000000000000000000
000000000000000000000000
000000000000000000000000
000000000000000000000000
000000000000000000000000
000000000000000000000000
000001111111000000000000
000001111111110000000000
000001110011110000000000
000001100001110000000000
000001100000110000000000
000000000000110000000000
000000000000110000000000
000000000001110000000000
000000000001110000000000
000000000011110000000000
000000000011100000000000
000000000111100000000000
000000000111000000000000
000000001110000000000000
000000011110000000000000
000000011100000000000000
000000111111100000000000
000000111111100000000000
000000000000000000000000
000000000000000000000000
000000000000000000000000
000000000000000000000000
000000000000000000000000
000000000000000000000000
000000000000000000000000
000000000000000000000000
000000000000000000000000
start_draw_0:
000000000000000000000000
000000000000000000000000
000000000000000000000000
000000000000000000000000
000001111111000000000000
000011111111100000000000
000011100011110000000000
000000000001110000000000
000000000000110000000000
000000000000110000000000
000000000000110000000000
000000000001110000000000
000000000001110000000000
000000000001110000000000
000000000011100000000000
000000000111100000000000
000000001111000000000000
000000111110000000000000
000001111111000000000000
000001111111111110000000
000000000111111110000000
000000000000000000000000
000000000000000000000000
000000000000000000000000
000000000000000000000000
000000000000000000000000
000000000000000000000000
000000000000000000000000
000000000000000000000000
000000000000000000000000
000000000000000000000000
000000000000000000000000
000000000000000000000000
000000000000000000000000
000000000000000000000000
000000000000000000000000
start_draw_0:
000000000000000000000000
000000000000000000000000
000000000000000000000000
000000000000000000000000
000000000000000111000000
000000000000000111000000
000000000000111111000000
000000000000111111000000
000000000000110011000000
000000000000000011000000
000000000000000011000000
000000000000000011000000
000000000000000011000000
000000000000000111000000
000000000000000111000000
000000000000001110000000
000000000000011110000000
000000000000011110000000
000000000000011111110000
000000000000001111111100
000000000000000001111100
000000000000000000000000
000000000000000000000000
000000000000000000000000
000000000000000000000000
000000000000000000000000
000000000000000000000000
000000000000000000000000
000000000000000000000000
000000000000000000000000
000000000000000000000000
000000000000000000000000
000000000000000000000000
000000000000000000000000
000000000000000000000000
000000000000000000000000
start_draw_0:
000000000000000000000000
000000000000000000000000
000000000000000000000000
000000000000000000000000
000000000000000000000000
000000000000000000000000
000000000000000000000000
111111000000000000000000
111111111000000000000000
000111111110000000000000
000000011111000000000000
000000001111000000000000
000000000111000000000000
000000000111000000000000
000000000111000000000000
000000001110000000000000
000000001110000000000000
000000011100000000000000
000000011111000000000000
000000011111111111111110
000000000111111111111110
000000000000000000000000
000000000000000000000000
000000000000000000000000
000000000000000000000000
000000000000000000000000
000000000000000000000000
000000000000000000000000
000000000000000000000000
000000000000000000000000
000000000000000000000000
000000000000000000000000
000000000000000000000000
000000000000000000000000
000000000000000000000000
000000000000000000000000
start_draw_0:
000000000000000000000000
000000000000000000000000
000000000000000000000000
000000000000000000000000
000000000000000000000000
000000000000000000000000
000000000000000000000000
000011111110000000000000
000111111111000000000000
000111011111100000000000
000110000011110000000000
000000000001110000000000
000000000001110000000000
000000000000110000000000
000000000000110000000000
000000000001110000000000
000000000001110000000000
000000000011100000000000
000000000111100000000000
000000001111100000000000
000000011111000000000000
000001111100000000000000
000111111000000000000000
000111110000000000000000
000011111111000000000000
000000111111111111100000
000000000111111111100000
000000000000000111100000
000000000000000000000000
000000000000000000000000
000000000000000000000000
000000000000000000000000
000000000000000000000000
000000000000000000000000
000000000000000000000000
000000000000000000000000
start_draw_0:
000000000000000000000000
000000000000000000000000
000000000000000000000000
000000000000000000000000
000001111110000000000000
000011111111110000000000
000011111111111100000000
000000000000111110000000
000000000000001110000000
000000000000000110000000
000000000000000110000000
000000000000001110000000
000000000000001110000000
000000000000011100000000
000000000000111100000000
000000000000111000000000
000000000001111000000000
000000000011110000000000
000000000111100000000000
000000001111000000000000
000000001111100000000000
000000001111100000000000
000000000000000000000000
000000000000000000000000
000000000000000000000000
000000000000000000000000
000000000000000000000000
000000000000000000000000
000000000000000000000000
000000000000000000000000
000000000000000000000000
000000000000000000000000
000000000000000000000000
000000000000000000000000
000000000000000000000000
000000000000000000000000
start_draw_0:
000000000000000000000000
000000000000000000000000
000000000000000000000000
000000000000000000000000
000001110000000000000000
000011111111000000000000
000011111111110000000000
000000000111110000000000
000000000001111000000000
000000000000111000000000
000000000000111000000000
000000000000111000000000
000000000001110000000000
000000000001110000000000
000000000011110000000000
000000000111100000000000
000000001111000000000000
000000011110000000000000
000000111100000000000000
000000111111111000000000
000000111111111000000000
000000000000000000000000
000000000000000000000000
000000000000000000000000
000000000000000000000000
000000000000000000000000
000000000000000000000000
000000000000000000000000
000000000000000000000000
000000000000000000000000
000000000000000000000000
000000000000000000000000
000000000000000000000000
000000000000000000000000
000000000000000000000000
000000000000000000000000
start_draw_0:
000000000000000000000000
000000000000000000000000
000000000000000000000000
000000000000000000000000
000000000000000000000000
000000000000000000000000
000000000000000000000000
000000000000000000000000
000000000000000000000000
000000000000000000000000
000000011111000000000000
000000011111000000000000
000000011111000000000000
000000000011000000000000
000000000011000000000000
000000000011000000000000
000000000011000000000000
000000000111000000000000
000000000111000000000000
000000001111000000000000
000000011110000000000000
000000011100000000000000
000000111100000000000000
000011111000000000000000
000111110000000000000000
001111100000000000000000
011111111111111100000000
011111111111111100000000
000000000000000000000000
000000000000000000000000
000000000000000000000000
000000000000000000000000
000000000000000000000000
000000000000000000000000
000000000000000000000000
000000000000000000000000
start_draw_0:
000000000000000000000000
000000000000000000000000
001111111110000000000000
001111111111000000000000
000000000111000000000000
000000000111000000000000
000000000110000000000000
000000000110000000000000
000000001110000000000000
000000001110000000000000
000000011100000000000000
000000011100000000000000
000001111000000000000000
000011111000000000000000
000111110000000000000000
011111000000000000000000
111110000000000000000000
111111111111111100000000
011111111111111100000000
000000000001111100000000
000000000000000000000000
000000000000000000000000
000000000000000000000000
000000000000000000000000
000000000000000000000000
000000000000000000000000
000000000000000000000000
000000000000000000000000
000000000000000000000000
000000000000000000000000
000000000000000000000000
000000000000000000000000
000000000000000000000000
000000000000000000000000
000000000000000000000000
000000000000000000000000
start_draw_0:
000000000000000000000000
000000000000000000000000
000000000000000000000000
000000000000000000000000
000000000000000000000000
000000000000000000000000
000000000000000000000000
000000000000000000000000
000000000001111100000000
000000000011111111000000
000000000011101111000000
000000000001100011100000
000000000001100011100000
000000000000000001100000
000000000000000011100000
000000000000000011100000
000000000000000111100000
000000000000001111000000
000000000000011111000000
000000000000111100000000
000000000011111000000000
000000000111110000000000
000000001111100000000000
000000001110000000000000
000000001111110000000000
000000000111111111100000
000000000000111111100000
000000000000000000000000
000000000000000000000000
000000000000000000000000
000000000000000000000000
000000000000000000000000
000000000000000000000000
000000000000000000000000
000000000000000000000000
000000000000000000000000
start_draw_0:
000000000000000000000000
000111100000000000000000
000111110000000000000000
000111110000000000000000
000001111000000000000000
000000111000000000000000
000000111000000000000000
000000011000000000000000
000000011000000000000000
000000011000000000000000
000000011000000000000000
000000011000000000000000
000000111000000000000000
000000111000000000000000
000001110000000000000000
000001110000000000000000
000011110000000000000000
000111100000000000000000
001111000000000000000000
011110000000000000000000
111100000000000000000000
111111100000000000000000
111111111111100000000000
000011111111100000000000
000000000000000000000000
000000000000000000000000
000000000000000000000000
000000000000000000000000
000000000000000000000000
000000000000000000000000
000000000000000000000000
000000000000000000000000
000000000000000000000000
000000000000000000000000
000000000000000000000000
000000000000000000000000
start_draw_0:
000000000000000000000000
000000000000000000000000
000000000000000000000000
000000000000000000000000
000000000000000000000000
000000000000000000000000
000000000000000000000000
000000000000000000000000
000000000000000000000000
000000000000000000000000
000000000000000000000000
000000000000000000000000
000000000000000000000000
000000000000000000000000
000000000000000000000000
000000000000000000000000
000000000000000000000000
000000000000000000000000
000000000000000000000000
000000000000000000000000
000111110000000000000000
001111111000000000000000
001111111100000000000000
001100111100000000000000
001100011110000000000000
001100001110000000000000
000000000110000000000000
000000000110000000000000
000000001110000000000000
000000011110000000000000
000000111110000000000000
000001111100000000011000
000011111111111111111000
000011111111111111111000
000000000000000000000000
000000000000000000000000
start_draw_0:
000000000000000000000000
000000000000000000000000
000000000000000000000000
000000000000000000000000
000000000000000000000000
000000000000000000000000
000000000000000000000000
000111110000000000000000
000111111000000000000000
000110111000000000000000
000000111000000000000000
000000011000000000000000
000000111000000000000000
000001111000000000000000
000001110000000000000000
000011110000000000000000
001111100000000000000000
111111000000000000000000
111110000000000000000000
111111111111111000000000
111111111111111000000000
000000000000000000000000
000000000000000000000000
000000000000000000000000
000000000000000000000000
000000000000000000000000
000000000000000000000000
000000000000000000000000
000000000000000000000000
000000000000000000000000
000000000000000000000000
000000000000000000000000
000000000000000000000000
000000000000000000000000
000000000000000000000000
000000000000000000000000
start_draw_0:
000000000000000000000000
000000000000000000000000
000000000000000000000000
000000000000000000000000
000000000000000000000000
000000000000000000000000
000000000000000000000000
000000000000000000000000
000000000000000000000000
000000000000000000000000
000000000000000000000000
000000000111100000000000
000000000111110000000000
000000000111110000000000
000000000111111000000000
000000000110111000000000
000000000000111000000000
000000000000011000000000
000000000000011000000000
000000000000111000000000
000000000000111000000000
000000000001111000000000
000000000011110000000000
000000000111110000000000
000000001111100000000000
000000001110000000000000
000000001111100000000000
000000001111111100000000
000000000011111100000000
000000000000001100000000
000000000000000000000000
000000000000000000000000
000000000000000000000000
000000000000000000000000
000000000000000000000000
000000000000000000000000
start_draw_0:
000000000000000000000000
000000000000000000000000
000000000000000000000000
000000000000000000000000
000000000000000000000000
000000000000000000000000
000000111110000000000000
000000111111000000000000
000000111111100000000000
000000000011100000000000
000000000011110000000000
000000000001110000000000
000000000001110000000000
000000000000110000000000
000000000000110000000000
000000000001110000000000
000000000001110000000000
000000000011110000000000
000000000011100000000000
000000000111100000000000
000000001111000000000000
000000001111000000000000
000000001111111100000000
000000000011111100000000
000000000000000000000000
000000000000000000000000
000000000000000000000000
000000000000000000000000
000000000000000000000000
000000000000000000000000
000000000000000000000000
000000000000000000000000
000000000000000000000000
000000000000000000000000
000000000000000000000000
000000000000000000000000
start_draw_0:
000000000000000000000000
000000000000000000000000
000000000000000000000000
000000000000000000000000
000000000000000000000000
000000000000000000000000
000000000000000000000000
000000000000000000000000
000000000000000000000000
000000000000000000000000
000000000000000000000000
000000000000000000000000
000000000000000000000000
000000000000000000000000
000000000000000000000000
000000111111100000000000
000011111111110000000000
000111111011111000000000
000111000000111000000000
000000000000011000000000
000000000000011100000000
000000000000011100000000
000000000000011100000000
000000000000111000000000
000000000001111000000000
000000000111110000000000
000000011111100000000000
000011111111110000000000
000011111111110000000000
000011111111110000000000
000000000000000000000000
000000000000000000000000
000000000000000000000000
000000000000000000000000
000000000000000000000000
000000000000000000000000
start_draw_0:
000000000000000000000000
000000000000000000000000
000000000000000000000000
000000000000000000000000
000000000000000000000000
000000000000000000000000
000000000000000000000000
000000000000000000000000
111110000000000000000000
111111111111000000000000
111111111111000000000000
000000000111000000000000
000000001111000000000000
000000011110000000000000
000000011100000000000000
000000111100000000000000
000000111000000000000000
000000110000000000000000
000001110000000000000000
000001111000000000000000
000001111111111111000000
000000111111111111000000
000000000000000000000000
000000000000000000000000
000000000000000000000000
000000000000000000000000
000000000000000000000000
000000000000000000000000
000000000000000000000000
000000000000000000000000
000000000000000000000000
000000000000000000000000
000000000000000000000000
000000000000000000000000
000000000000000000000000
000000000000000000000000
start_draw_0:
000000000000000000000000
000000000000000000000000
000000000000000000000000
000000000000000000000000
000111000000000000000000
000111100000000000000000
000111100000000000000000
000011100000000000000000
000001100000000000000000
000001100000000000000000
000011100000000000000000
000011100000000000000000
000011100000000000000000
000111000000000000000000
000111000000000000000000
001110000000000000000000
001110000000000000000000
011100000000000000000000
011100000000000111000000
111100001111111111000000
111111111111111111000000
011111111111000000000000
000000000000000000000000
000000000000000000000000
000000000000000000000000
000000000000000000000000
000000000000000000000000
000000000000000000000000
000000000000000000000000
000000000000000000000000
000000000000000000000000
000000000000000000000000
000000000000000000000000
000000000000000000000000
000000000000000000000000
000000000000000000000000
start_draw_0:
000000000000000000000000
000000000000000000000000
000000000000000000000000
000000000000000000000000
000000000000000000000000
000000000000000000000000
000000000000000000000000
000000000000000000000000
000000000000000000000000
000000000000000000000000
000000000000000000000000
000000000000000000000000
000000000000000000000000
000000000000000000000000
000000000000000000000000
000000000000000000000000
000000000000000000000000
000000000000000000000000
000000000000000000000000
000000000111111111100000
000000001111111111110000
000000001110000001110000
000000001110000000110000
000000000000000001110000
000000000000000011110000
000000000000000111100000
000000000000001111100000
000000000000011111111000
000000000000011111111000
000000000000000000000000
000000000000000000000000
000000000000000000000000
000000000000000000000000
000000000000000000000000
000000000000000000000000
000000000000000000000000
start_draw_0:
000000000000000000000000
000000000000000000000000
000011100000000000000000
000011110000000000000000
000011110000000000000000
000011111000000000000000
000011111000000000000000
000000011000000000000000
000000011100000000000000
000000011100000000000000
000000011100000000000000
000000011000000000000000
000000011000000000000000
000000111000000000000000
000000111000000000000000
000001110000000000000000
000001110000000000000000
000011100000000000000000
000011111111111111110000
000011111111111111110000
000011111111111111110000
000000000000000000000000
000000000000000000000000
000000000000000000000000
000000000000000000000000
000000000000000000000000
000000000000000000000000
000000000000000000000000
000000000000000000000000
000000000000000000000000
000000000000000000000000
000000000000000000000000
000000000000000000000000
000000000000000000000000
000000000000000000000000
000000000000000000000000
start_draw_0:
000000000000000000000000
000000000000000000000000
000000000000000000000000
000000000000000000000000
000000000000000000000000
000000000000000000000000
000000000000000000000000
000000000000000000000000
000000000000000000000000
000000000000000000000000
000000000000000000000000
000000000000000000000000
000000111111111000000000
000011111111111110000000
000011111100111110000000
000011100000000110000000
000000000000000111000000
000000000000000111000000
000000000000001110000000
000000000000001110000000
000000000000011100000000
000000000001111100000000
000000001111111000000000
000001111111100000000000
000011111111110000000000
000011111111111111111111
000000000011111111111111
000000000000000000000000
000000000000000000000000
000000000000000000000000
000000000000000000000000
000000000000000000000000
000000000000000000000000
000000000000000000000000
000000000000000000000000
000000000000000000000000
start_draw_0:
000000000000000000000000
000000000000000000000000
000000000000000000000000
000000000000000000000000
000000000000000000000000
000111111110000000000000
001111111111100000000000
011111000111100000000000
011100000001110000000000
000000000001110000000000
000000000001110000000000
000000000001110000000000
000000000011110000000000
000000000111100000000000
000000001111000000000000
000000011111000000000000
000000111110000000000000
000001111100000000000000
000011110001111111000000
000111111111111111000000
000111111111111111000000
000000000000000000000000
000000000000000000000000
000000000000000000000000
000000000000000000000000
000000000000000000000000
000000000000000000000000
000000000000000000000000
000000000000000000000000
000000000000000000000000
000000000000000000000000
000000000000000000000000
000000000000000000000000
000000000000000000000000
000000000000000000000000
000000000000000000000000
start_draw_0:
000000000000000000000000
000000000000000000000000
000000000000000000000000
000000000000000000000000
000000000000000000000000
000000000000000000000000
000000000000000000000000
000000111111111000000000
000000111111111110000000
000000111000011111000000
000000000000000111000000
000000000000000011000000
000000000000000011000000
000000000000000011000000
000000000000000111000000
000000000000000111000000
000000000000001110000000
000000000000011110000000
000000000000111100000000
000000000001111100000000
000000000011111000000000
000000001111100000000000
000000001111111000000000
000000001111111111111111
000000000001111111111111
000000000000000000000000
000000000000000000000000
000000000000000000000000
000000000000000000000000
000000000000000000000000
000000000000000000000000
000000000000000000000000
000000000000000000000000
000000000000000000000000
000000000000000000000000
000000000000000000000000
start_draw_0:
000000000000000000000000
000000000000000000000000
000000000000000000000000
000000111000000000000000
000001111110000000000000
000001111111000000000000
000001100111100000000000
000000000011100000000000
000000000011110000000000
000000000001110000000000
000000000001110000000000
000000000000110000000000
000000000001110000000000
000000000001110000000000
000000000011110000000000
000000000111100000000000
011110011111000000000000
111111111110000000000000
111111111100000000000000
000111111000000000000000
000111111100000000000000
000000011110000000000000
000000001111110000000000
000000000111110000000000
000000000011110000000000
000000000000000000000000
000000000000000000000000
000000000000000000000000
000000000000000000000000
000000000000000000000000
000000000000000000000000
000000000000000000000000
000000000000000000000000
000000000000000000000000
000000000000000000000000
000000000000000000000000
start_draw_0:
000000000000000000000000
000000000000000000000000
000000000000000000000000
000000000000000000000000
000000000000000000000000
000000000000000000000000
000000000000000000000000
000000000000000000000000
000001111111111000000000
000111111111111000000000
001111100000111100000000
001110000000011100000000
001100000000011100000000
001100000000011100000000
001100000000111100000000
000000000000111000000000
000000000011110000000000
000111111111110000000000
000111111111100000000000
000111111110000000000000
000111111111000000000000
000111110111100000000000
000000000011111100000000
000000000001111100000000
000000000000011100000000
000000000000000000000000
000000000000000000000000
000000000000000000000000
000000000000000000000000
000000000000000000000000
000000000000000000000000
000000000000000000000000
000000000000000000000000
000000000000000000000000
000000000000000000000000
000000000000000000000000
start_draw_0:
000000000000000000000000
000000000000000000000000
000000000000000000000000
000000000000000000000000
000000000000000000000000
000000000000011100000000
000000001111111111000000
000000011111111111110000
000000111110000011110000
000000111000000001111000
000000111000000000111100
000000110000000000011100
000000000000000000001100
000000000000000000001110
000000000000000000001110
000000000000000000001110
000000000000000000000110
000000000000000000000110
000000001111100000000110
000000011111110000000110
000000111111110000001110
000000111000111000001110
000000111000111100111100
000000111000011101111100
000000111100011111111000
000000011111111111100000
000000001111111111110000
000000000000000011111100
000000000000000001111100
000000000000000000011100
000000000000000000000000
000000000000000000000000
000000000000000000000000
000000000000000000000000
000000000000000000000000
000000000000000000000000
start_draw_0:
000000000000000000000000
000000000000000000000000
000000000000000000000000
000000000000000000000000
000000000000000000000000
000000001111111110000000
000111111111111111000000
001111111111001111000000
011111000000000011000000
011100000000000011100000
011000000000000011100000
000000000000000011100000
000000000000000011100000
000000000000000011100000
000000000000000011000000
000000000000000111000000
000000000000000111000000
000000000000001110000000
000000111111001110000000
000000111111111100000000
000000111111111100000000
000000111101111110000000
000000011111111111100000
000000011111110111111000
000000000111100011111110
000000000000000000111111
000000000000000000001111
000000000000000000000000
000000000000000000000000
000000000000000000000000
000000000000000000000000
000000000000000000000000
000000000000000000000000
000000000000000000000000
000000000000000000000000
000000000000000000000000
start_draw_0:
000000000000000000000000
000000000000000000000000
000000000000000000000000
000000000000000000000000
000000000000000000000000
000000000000000000000000
000000000000000000000000
000000000000000000000000
000000000000000000000000
000000000000000000000000
000000000000000000000000
000000000000000000000000
000000000000000000000000
000000000000000000000000
000000000000000000000000
000000000000000000000000
000000000000000000000000
000000000000000000000000
000000000000000000000000
000000011111111000000000
000001111111111111000000
000011111100011111100000
000011110000000011110000
000011000000000001111000
000000000000000000111000
000000000000000000111000
000000000000000000110000
000000000000000000110000
000001111111111111110000
000001111111111111111000
000001111111111111111110
000000111111111100111110
000000000000000000000000
000000000000000000000000
000000000000000000000000
000000000000000000000000
start_draw_0:
000000000000000000000000
000000000000000000000000
000000000000000000000000
000000000000000000000000
000000011111100000000000
000000111111100000000000
000001111101110000000000
000001110001110000000000
000001110000111000000000
000001100000111000000000
000000000000011000000000
000000000000011000000000
000000000000011000000000
000000000000011000000000
000000000000111000000000
000000000000111000000000
000000000001111000000000
000000000011110000000000
000000000111100000000000
000000001111100000000000
000000001111111111000000
000000000111111111000000
000000000000000011000000
000000000000000000000000
000000000000000000000000
000000000000000000000000
000000000000000000000000
000000000000000000000000
000000000000000000000000
000000000000000000000000
000000000000000000000000
000000000000000000000000
000000000000000000000000
000000000000000000000000
000000000000000000000000
000000000000000000000000
start_draw_0:
000000000000000000000000
000000000000000000000000
000000000000000000000000
000000000000000000000000
000000000000000000000000
000000000000000000000000
000000000000000000000000
000000000000000000000000
000000000000000000000000
000000111100000000000000
000001111110000000000000
000001111111000000000000
000011100111000000000000
000011100011100000000000
000011100011100000000000
000011100001100000000000
000011100001100000000000
000011100001110000000000
000011100001110000000000
000011000001110000000000
000011000001110000000000
000011000001100000000000
000011000001100000000000
000000000011100000000000
000000000111100000000000
000000001111000000000000
000000111111111110000000
000000111111111110000000
000000111110000000000000
000000000000000000000000
000000000000000000000000
000000000000000000000000
000000000000000000000000
000000000000000000000000
000000000000000000000000
000000000000000000000000
start_draw_0:
000000000000000000000000
000000000000000000000000
000000000000000000000000
000000000000000000000000
000000000000000000000000
000000000001111110000000
000000000111111111100000
000000001111111111111000
000000001110000001111000
000000001100000000111100
000000001100000000011100
000000000000000000011100
000000000000000000001100
000000000000000000011100
000000000000000000011100
000000000000000000011100
000000000000000000011000
000000000000000000111000
000000000000000001111000
000000000000000011110000
000000000000001111100000
000000000000011111000000
000000000001111110000000
000000000001111111111111
000000000001111111111111
000000000000000000000000
000000000000000000000000
000000000000000000000000
000000000000000000000000
000000000000000000000000
000000000000000000000000
000000000000000000000000
000000000000000000000000
000000000000000000000000
000000000000000000000000
000000000000000000000000
start_draw_0:
000000000000000000000000
000000000000000000000000
000000000000000000000000
000000000000000000000000
000001110000000000000000
001111111100000000000000
001111111110000000000000
000000011110000000000000
000000000111000000000000
000000000111000000000000
000000000011000000000000
000000000011000000000000
000000000111000000000000
000000001111000000000000
000000011110000000000000
000000111100000000000000
000001111000000111100000
000001111111111111100000
000001111111111111100000
000001111110000000000000
000000000000000000000000
000000000000000000000000
000000000000000000000000
000000000000000000000000
000000000000000000000000
000000000000000000000000
000000000000000000000000
000000000000000000000000
000000000000000000000000
000000000000000000000000
000000000000000000000000
000000000000000000000000
000000000000000000000000
000000000000000000000000
000000000000000000000000
000000000000000000000000
start_draw_0:
000000000000000000000000
000000000000000000000000
000000000000000000000000
000000000000000000000000
000000000000000000000000
000000000000000000000000
000000000000000000000000
000000000000000000000000
000000000000000000000000
000000000000000000000000
000000000000000000000000
000000000000000000000000
000111111110000000000000
001111111111000000000000
001111000111100000000000
001100000011100000000000
000000000001100000000000
000000000001100000000000
000000000001100000000000
000000000011100000000000
000000000111100000011110
000000001111011111111110
000000001111111111111100
000000011111111100000000
000000011111100000000000
000000000000000000000000
000000000000000000000000
000000000000000000000000
000000000000000000000000
000000000000000000000000
000000000000000000000000
000000000000000000000000
000000000000000000000000
000000000000000000000000
000000000000000000000000
000000000000000000000000
start_draw_0:
000000000000000000000000
000000000000000000000000
000000000000000000000000
000000000111100000000000
000000011111110000000000
000000111111111000000000
000001111000111000000000
000001110000011000000000
000001110000011000000000
000000000000011000000000
000000000000111000000000
000000000000111000000000
000000000000110000000000
000000000001110000000000
000000000011110000000000
000000000111100000000000
000000001111000000000000
000000011110000000000000
011111111110000000000000
011111111110000000000000
011111111111110000000000
011111000111111110000000
000000000001111111111100
000000000000001111111100
000000000000000000111100
000000000000000000000000
000000000000000000000000
000000000000000000000000
000000000000000000000000
000000000000000000000000
000000000000000000000000
000000000000000000000000
000000000000000000000000
000000000000000000000000
000000000000000000000000
000000000000000000000000
start_draw_0:
000000000000000000000000
000000000000000000000000
000000000000000000000000
000000000000000000000000
000000000000000000000000
000000000000000000000000
000001111111000000000000
000001111111100000000000
000001100011100000000000
000000000011100000000000
000000000001100000000000
000000000001100000000000
000000000001100000000000
000000000001100000000000
000000000001100000000000
000000000001100000000000
000000000001100000000000
000000000011100000000000
000000000011100000000000
000000000111100000000000
000000001111000000000000
000000011110000000000000
000000111100000000000000
000000111111111111111100
000000111111111111111100
000000000000000000000000
000000000000000000000000
000000000000000000000000
000000000000000000000000
000000000000000000000000
000000000000000000000000
000000000000000000000000
000000000000000000000000
000000000000000000000000
000000000000000000000000
000000000000000000000000
start_draw_0:
000000000000000000000000
000000000000000000000000
000000000000000000000000
000000000000000000000000
000000000000000000000000
000000000000000000000000
000000011000000000000000
000111111110000000000000
000111111110000000000000
000111000110000000000000
000000000111000000000000
000000000111000000000000
000000000110000000000000
000000000110000000000000
000000001110000000000000
000000011110000000000000
000000111100000000000000
000001111000000000000000
000011110000000000000000
001111100000000000000000
001111111111111111111100
001111111111111111111100
000000000000000000000000
000000000000000000000000
000000000000000000000000
000000000000000000000000
000000000000000000000000
000000000000000000000000
000000000000000000000000
000000000000000000000000
000000000000000000000000
000000000000000000000000
000000000000000000000000
000000000000000000000000
000000000000000000000000
000000000000000000000000
start_draw_0:
000000111111111100000000
000001111111111111000000
000001111100001111000000
000000000000000111000000
000000000000000011000000
000000000000000011000000
000000000000000111000000
000000000000001111000000
000000000000011110000000
000000000000111110000000
000000000011111100000000
000000000011110000000000
000000000011111111111110
000000000011111111111110
000000000000000000000000
000000000000000000000000
000000000000000000000000
000000000000000000000000
000000000000000000000000
000000000000000000000000
000000000000000000000000
000000000000000000000000
000000000000000000000000
000000000000000000000000
000000000000000000000000
000000000000000000000000
000000000000000000000000
000000000000000000000000
000000000000000000000000
000000000000000000000000
000000000000000000000000
000000000000000000000000
000000000000000000000000
000000000000000000000000
000000000000000000000000
000000000000000000000000
start_draw_0:
000000000000000000000000
000000000000000000000000
000000000000000000000000
000000000000000000000000
000000000000000000000000
000000000000000000000000
000000000000000000000000
000000000000000000000000
000000000000000000000000
000000000000000000000000
000000000000000000000000
000000000000000000000000
000000000000000000000000
000000000000000000000000
000000000000000000000000
000000000000000000000000
000000000000000000000000
000000000000000000000000
000000000000000000000000
000000000000000000000000
000000000000000000000000
000000000000000000000000
011100000000000000000000
011111100000000000000000
011111111100000000000000
000001111110000000000000
000000011111000000000000
000000001111000000000000
000000000011000000000000
000000000111000000000000
000000000111000000000000
000000011111000000000000
000000111110000000000000
000001111111111111000000
000001111111111111000000
000000111111111100000000
start_draw_0:
000000000000000000000000
000000000000000000000000
000000000000000000000000
000000000000000000000000
000000000000000000000000
000000000000000000000000
000000000000000000000000
000000000000000000000000
000000000000000000000000
000000000000000000000000
000000000000000000000000
000000000000000000000000
000000000000000000000000
000000000000000000000000
000000000000000000000000
000000000000000000000000
000000000000000000000000
000000000000000000000000
000000000011111100000000
000000000011111110000000
000000000011001110000000
000000000011000111000000
000000000011000111000000
000000000011000011000000
000000000000000111000000
000000000000000111000000
000000000000001111000000
000000000000001110000000
000000000000011110000000
000000000000111111111100
000000000000111111111100
000000000000111111111100
000000000000111000000000
000000000000000000000000
000000000000000000000000
000000000000000000000000
start_draw_0:
000000000000000000000000
000000000000000000000000
000111100000000000000000
011111110000000000000000
011111110000000000000000
011000110000000000000000
000001110000000000000000
000001110000000000000000
000001110000000000000000
000011100000000000000000
000011100000000000000000
000111000000000000000000
000111000000000000000000
001110000000000000000000
001111111111111110000000
001111111111111110000000
000000000000000000000000
000000000000000000000000
000000000000000000000000
000000000000000000000000
000000000000000000000000
000000000000000000000000
000000000000000000000000
000000000000000000000000
000000000000000000000000
000000000000000000000000
000000000000000000000000
000000000000000000000000
000000000000000000000000
000000000000000000000000
000000000000000000000000
000000000000000000000000
000000000000000000000000
000000000000000000000000
000000000000000000000000
000000000000000000000000