start_draw_0:
000000000000000000000000
000000000000000000000000
000000000000000000000000
000000111111100000000000
000011111111110000000000
000111110001110000000000
001111000000110000000000
001110000001110000000000
000000000011110000000000
000000000111100000000000
000000001111000000000000
000001111111000000000000
000001111100000000000000
000000111110000000000000
000000011111000000000000
000000000111100000000000
000000000011100000000000
000000000011110000000000
000000000001110000000000
000000000001110000000000
000000000111100000000000
001111111111100000000000
001111111111000000000000
000000000000000000000000
000000000000000000000000
000000000000000000000000
000000000000000000000000
000000000000000000000000
000000000000000000000000
000000000000000000000000
000000000000000000000000
000000000000000000000000
000000000000000000000000
000000000000000000000000
000000000000000000000000
000000000000000000000000
start_draw_0:
000000000000000000000000
000000000000000000000000
000000000011111111000000
000000011111111111111100
000000111111100111111100
000000111100000000011110
000000110000000000001111
000000000000000000000111
000000000000000000000111
000000000000000000000011
000000000000000000000011
000000000000000000000011
000000000000000000000011
000000000000000000000111
000000000000000000011111
000000000000000000111110
000000000000000001111100
000000000000000111110000
000000000011111111100000
000000111111111111000000
000000111111100000000000
000000011111100000000000
000000000111111000000000
000000000001111100000000
000000000000111110000000
000000000000001111000000
000000000000000111000000
110000000000000111000000
110000000000000011000000
111000000000000011100000
111100000000000011100000
111111100000000111100000
001111111000001111000000
000011111111111110000000
000000011111111110000000
000000000000000000000000
start_draw_0:
000000000000000000000000
000000000000000000000000
000000000000000000000000
000000000000000000000000
000000000000011111111000
000000000000111111111111
000000000001111100111111
000000000001110000000111
000000000001100000000000
000000000001100000000000
000000000001100000000000
000000000001100000000000
000000000000000000000000
000000000000000000000011
000000000000000000001111
000000000000000000111111
000000000000001111111110
000000000000001111111000
000000000000001110000000
000000000000000111000000
000000000000000111100000
000000000000000011100000
000000000000000011110000
000000000000000001110000
000000000000000001110000
000000000000000000110000
000000000000000000110000
000000001111111111110000
000000001111111111110000
000000001111111110000000
000000000000000000000000
000000000000000000000000
000000000000000000000000
000000000000000000000000
000000000000000000000000
000000000000000000000000
start_draw_0:
000000000000000000000000
000000000000000000000000
000000000000000000000000
000000000000000000000000
000111111110000000000000
011111111111111000000000
111111001111111110000000
111000000000011111100000
000000000000000111100000
000000000000000011100000
000000000000000001100000
000000000000000001100000
000000000000000111100000
000000000000011111100000
000000000000111111000000
000000001111111100000000
000000011111110000000000
000000011100000000000000
000000011110000000000000
000000001111000000000000
000000000111100000000000
000000000011100000000000
000000000011110000000000
000000000001110000000000
000000000000111000000000
000000000000111000000000
000000000000111000000000
000000000000011000000000
000000000000011000000000
001111100011111000000000
001111111111111000000000
000011111111100000000000
000000000000000000000000
000000000000000000000000
000000000000000000000000
000000000000000000000000
start_draw_0:
000000000000000000000000
000000000000000000000000
000000000000000000000000
000000000000000000000000
000000000000000000000000
000000000111111000000000
000000011111111110000000
000000011111111111100000
000000011100000111110000
000000000000000011111000
000000000000000000111000
000000000000000000111000
000000000000000000011000
000000000000000000111000
000000000000000001111000
000000000000000011111000
000000000000000111110000
000000000000111111100000
000000000001111110000000
000000000001111111000000
000000000000011111110000
000000000000000011111000
000000000000000001111000
000000000000000000011100
000000000000000000011100
000000000000000000001100
000000000000000000001100
000000001111100000111100
000000001111111111111100
000000000011111111110000
000000000000000000000000
000000000000000000000000
000000000000000000000000
000000000000000000000000
000000000000000000000000
000000000000000000000000
start_draw_0:
000000000000000000000000
000000000000000000000000
000000000000000000000000
000000000000000000000000
000000000000000000000000
000000111110000000000000
000011111111100000000000
000011111111111000000000
000011100001111100000000
000011000000011100000000
000000000000011100000000
000000000000011100000000
000000000000111100000000
000000000111111000000000
000000001111111000000000
000000001111000000000000
000000001111000000000000
000000000111100000000000
000000000011110000000000
000000000001111000000000
000000000000111000000000
000000000000111100000000
000000000000011100000000
000000000000011100000000
000000000000001100000000
000000000000001100000000
000000000000001100000000
000000000000001110000000
001111100000011110000000
001111111111111110000000
000011111111111100000000
000000011111110000000000
000000000000000000000000
000000000000000000000000
000000000000000000000000
000000000000000000000000
start_draw_0:
000000000000000000000000
000000000000000000000000
000000000000000000000000
000000000000000000000000
000000000000000000000000
000000000000000000000000
000000000000000000000000
000000111111111100000000
000011111111111111100000
000011110000011111100000
000011000000000011110000
000011000000000001111000
000000000000000001111000
000000000000000011110000
000000000000001111110000
000000000000001111100000
000000000000001111000000
000000000000001111100000
000000000000000011110000
000000000000000001111000
000000000000000000111000
000000000000000000011100
000000000000000000011100
000000000000000000011100
000000000000000000011100
000000000000000000011100
000000000000000000111000
000000000011100011111000
000000000011111111110000
000000000011111111000000
000000000000000000000000
000000000000000000000000
000000000000000000000000
000000000000000000000000
000000000000000000000000
000000000000000000000000
start_draw_0:
000000000000000000000000
000000000000000000000000
000000000000000000000000
000000000110000000000000
000000111111110000000000
000000111111111000000000
000000000000111100000000
000000000000011100000000
000000000000001100000000
000000000000011100000000
000000000000111100000000
000000000011111000000000
000000011111111000000000
000000111111100000000000
000000111100000000000000
000000111110000000000000
000000001111000000000000
000000000111100000000000
000000000011110000000000
000000000001110000000000
000000000000111000000000
000000000000111000000000
000000000000011100000000
000000000000011100000000
000000000000011100000000
000000000000001100000000
000000000000001100000000
000000000000011100000000
000000000000111100000000
000000000000111000000000
000001110011111000000000
000001111111110000000000
000001111111100000000000
000000000000000000000000
000000000000000000000000
000000000000000000000000
start_draw_0:
000000000000000000000000
000000000000000000000000
000000000000000000000000
000000000000000000000000
000000000000000000000000
000000000000000000000000
000000000000000000000000
000000000000110000000000
000000000111111110000000
000000000111111111100000
000000000110000111110000
000000000110000001111000
000000000000000000111100
000000000000000000011100
000000000000000000011100
000000000000000000011100
000000000000000000011100
000000000000000000111100
000000000000001111111000
000000000000001111110000
000000000000000011111000
000000000000000001111100
000000000000000000011110
000000000000000000001111
000000000000000000000111
000000000000000000000011
000000000000000000000000
000000000000000000000000
000000000000000000000000
000000000000111100000000
000000000000111111100001
000000000000011111111111
000000000000000011111111
000000000000000000000000
000000000000000000000000
000000000000000000000000
start_draw_0:
000000000000000000000000
000000000000000000000000
000000000000000000000000
000011111111110000000000
000111111111111100000000
001111000000111100000000
001110000000011100000000
001110000000001110000000
000000000000001110000000
000000000000001110000000
000000000000001110000000
000000000000011100000000
000000000001111100000000
000000001111111000000000
000000001111110000000000
000000001111000000000000
000000001111110000000000
000000000011111000000000
000000000001111100000000
000000000000011110000000
000000000000011111000000
000000000000001111000000
000000000000000111100000
000000000000000011100000
000000000000000011100000
000000000000000001110000
000000000000000001110000
000000000000000001110000
000000000000000000110000
000000000000000001110000
000000000000111111110000
000000000000111111100000
000000000000001111000000
000000000000000000000000
000000000000000000000000
000000000000000000000000
start_draw_0:
000000000000000000000000
000000000000000000000000
000000000000000000000000
000000000000000000000000
000000000000000000000000
000000001111111111000000
000000111111111111111100
000001111111100111111100
000001111000000000011100
000001100000000000001110
000000000000000000001110
000000000000000000011110
000000000000000000111100
000000000000001111111000
000000000000011111110000
000000000000011110000000
000000000000011110000000
000000000000011111000000
000000000000001111110000
000000000000000011111000
000000000000000001111100
000000000000000000011110
000000000000000000001110
000000000000000000001110
000000000000000000000110
000000000000000000000110
000000000000000000000110
000000000000000000011110
000000000000000000111110
000000000000011111111100
000000000000011111111000
000000000000000000000000
000000000000000000000000
000000000000000000000000
000000000000000000000000
000000000000000000000000
start_draw_0:
000000000000000000000000
000000000000000000000000
000000011111100000000000
000001111111111000000000
000111111101111000000000
001111100000011100000000
111110000000011100000000
111100000000001100000000
111000000000001100000000
110000000000001100000000
000000000000001100000000
000000000000011100000000
000000000000011100000000
000000000000111100000000
000000000001111000000000
000000000011110000000000
000000000111100000000000
000000011111000000000000
000000011111111100000000
000000011111111110000000
000000000000011111100000
000000000000000111110000
000000000000000011111000
000000000000000000111000
011110000000000000111000
011111100000000000111000
001111111111111111111000
000011111111111111110000
000000000111111000000000
000000000000000000000000
000000000000000000000000
000000000000000000000000
000000000000000000000000
000000000000000000000000
000000000000000000000000
000000000000000000000000
start_draw_0:
000000000000000000000000
000000000000000000000000
000000000000000000000000
000000000000000000000000
000000000000000000000000
000000000111111111100000
000000111111111111111110
000001111111110011111110
000011111000000000001110
000011100000000000000001
000011100000000000000001
000000000000000000000011
000000000000000000000011
000000000000000000001111
000000000000000000111111
000000000000000011111110
000000000000011111111000
000000000000011111100000
000000000000001110000000
000000000000001111000000
000000000000000111000000
000000000000000011100000
000000000000000011100000
110000000000000011100000
111100000000000001100000
111111100000000001100000
001111111100000011100000
000011111111111111100000
000000011111111111000000
000000000000000000000000
000000000000000000000000
000000000000000000000000
000000000000000000000000
000000000000000000000000
000000000000000000000000
000000000000000000000000
start_draw_0:
000000000000000000000000
000000000000000000000000
000000000000000000000000
000000000000000000000000
000000000000000000000000
000000000000000000000000
000000000000000000000000
000000111111111100000000
000011111111111100000000
000111110000011110000000
000111000000001110000000
000110000000001110000000
000110000000011110000000
000000000000011100000000
000000000001111000000000
000000000011111000000000
000000001111110000000000
000000111111000000000000
000011111100000000000000
000011111111111000000000
000000111111111111000000
000000000000111111111000
000000000000000111111100
000000000000000000111110
000000000000000000001111
000000000000000000000111
000000000000000000000111
000001110000000000001111
000001111100000000011110
000000111111111111111100
000000001111111111111000
000000000000111110000000
000000000000000000000000
000000000000000000000000
000000000000000000000000
000000000000000000000000
start_draw_0:
000000000000000000000000
000000000000000000000000
000000000000000000000000
000000000000000000000000
000000000000000000000000
000000000001111111100000
000000000111111111100000
000000001111110011100000
000000001111000001100000
000000001110000011100000
000000000000000111100000
000000000000000111000000
000000000000011111000000
000000000000111110000000
000000000001111100000000
000000000001111000000000
000000000001111100000000
000000000000011110000000
000000000000001111000000
000000000000000111000000
000000000000000011100000
110000000000000011100000
111100000000000001100000
111111000000000001110000
001111110000000001110000
000011111110000001110000
000001111111111111110000
000000001111111111100000
000000000000111100000000
000000000000000000000000
000000000000000000000000
000000000000000000000000
000000000000000000000000
000000000000000000000000
000000000000000000000000
000000000000000000000000
start_draw_0:
000000000000000000000000
000000000000000000000000
000000000000000000000000
000000000000000000000000
000000000000000000000000
000000000000000000000000
000000000000000000000000
000001111110000000000000
001111111110000000000000
011111111111000000000000
011100000111000000000000
011000000111000000000000
000000000110000000000000
000000001110000000000000
000000011110000000000000
000000011100000000000000
000000111110000000000000
000000111111100000000000
000000001111110000000000
000000000011111100000000
000000000000111110000000
000000000000011111000000
000000000000001111000000
000000000111110111100000
000000000111111111100000
000000000001111111100000
000000000000000000000000
000000000000000000000000
000000000000000000000000
000000000000000000000000
000000000000000000000000
000000000000000000000000
000000000000000000000000
000000000000000000000000
000000000000000000000000
000000000000000000000000
start_draw_0:
000000000000000000000000
000000000000000000000000
000000000000000000000000
000000000000000000000000
000000000000000000000000
000000111111000000000000
000001111111110000000000
000001111111110000000000
000000000001110000000000
000000000000110000000000
000000000000110000000000
000000000001110000000000
000000000011110000000000
000000000111100000000000
000000001111000000000000
000000001111000000000000
000000001111100000000000
000000000011110000000000
000000000001110000000000
000000000001110000000000
000000000000110000000000
011000000000110000000000
011110000000110000000000
011111110000110000000000
000111111111110000000000
000001111111110000000000
000000001111000000000000
000000000000000000000000
000000000000000000000000
000000000000000000000000
000000000000000000000000
000000000000000000000000
000000000000000000000000
000000000000000000000000
000000000000000000000000
000000000000000000000000
start_draw_0:
000000000000000000000000
000000000000000000000000
000000000000000000000000
000000000000000000000000
000000000000000000000000
000000000000000000000000
000000000000000000000000
000000000000000000000000
000000000000000000000000
000000000000000000000000
000000000000000000000000
000000000111111100000000
000000000111111111000000
000000000110011111111000
000000000000000011111000
000000000000000000111100
000000000000000000011100
000000000000000000001100
000000000000000000011100
000000000000000000111100
000000000000000111111000
000000000111111111110000
000000000111111110000000
000000000111111100000000
000000000001111111000000
000000000000011111110000
000000000000000111111000
000110000000000001111100
000111100000000000011110
000111111100000000001110
000001111111100000111110
000000011111111111111100
000000000011111111111000
000000000000000000000000
000000000000000000000000
000000000000000000000000
start_draw_0:
000000000000000000000000
000000000000000000000000
000000000000000000000000
000000000000000000000000
000111111100000000000000
001111111110000000000000
011110001110000000000000
011100000110000000000000
011000000110000000000000
011000000110000000000000
000000001110000000000000
000000001110000000000000
000000111110000000000000
000000111111100000000000
000000111111111000000000
000000000001111110000000
000000000000011111000000
000000000000001111100000
000000000000000011100000
000000000000000011110000
000000000000000001110000
000000000000000001110000
000000000000000011100000
000000000000001111100000
000000000001111111000000
000000000001111110000000
000000000000000000000000
000000000000000000000000
000000000000000000000000
000000000000000000000000
000000000000000000000000
000000000000000000000000
000000000000000000000000
000000000000000000000000
000000000000000000000000
000000000000000000000000
start_draw_0:
000000000000000000000000
000000000000000000000000
000000000000000000000000
000000000000000000000000
000000000000000000000000
000000000000111100000000
000000000011111100000000
000000000111111100000000
000000001111001100000000
000000001110001100000000
000000001110001100000000
000000000000001100000000
000000000000011100000000
000000000000011100000000
000000000000111100000000
000000000000111000000000
000000000011110000000000
000000000111110000000000
000000000111111000000000
000000000001111110000000
000000000000011111000000
000011000000000111000000
000011111000000011000000
000011111110000011000000
000000111111111111000000
000000000111111111000000
000000000000111110000000
000000000000000000000000
000000000000000000000000
000000000000000000000000
000000000000000000000000
000000000000000000000000
000000000000000000000000
000000000000000000000000
000000000000000000000000
000000000000000000000000
start_draw_0:
000000000000000000000000
000000000000000000000000
000000000000000000000000
000000000000000000000000
000000000000000000000000
000000111111110000000000
000001111111111100000000
000011111000111110000000
000111100000011111000000
000111000000000111000000
000000000000000111000000
000000000000000011100000
000000000000000011100000
000000000000000011100000
000000000000000111000000
000000000000011111000000
000000000011111110000000
000000000011111100000000
000000000011110000000000
000000000011110000000000
000000000001111000000000
000000000000111000000000
111000000000011100000000
111110000000011100000000
011111100000011100000000
001111111111111100000000
000001111111111100000000
000000000111110000000000
000000000000000000000000
000000000000000000000000
000000000000000000000000
000000000000000000000000
000000000000000000000000
000000000000000000000000
000000000000000000000000
000000000000000000000000
start_draw_0:
000000000000000000000000
000000000000000000000000
000000000000000000000000
000000000000000000000000
000000000000000000000000
000000000000000000000000
000000001111110000000000
000000011111111000000000
000000111101111100000000
000000111000011100000000
000000110000001110000000
000000000000001110000000
000000000000001110000000
000000000000000111000000
000000000000000111000000
000000000000000111000000
000000000000000110000000
000000000000001110000000
000000000000111110000000
000000000011111100000000
000000000111110000000000
000000000111110000000000
000000000011111100000000
000000000000111110000000
000000000000001110000000
011000000000001111000000
011110000000000111000000
011111100000011111000000
000111111111111110000000
000001111111111000000000
000000000000000000000000
000000000000000000000000
000000000000000000000000
000000000000000000000000
000000000000000000000000
000000000000000000000000
start_draw_0:
000000000000000000000000
000000000000000000000000
000000000000000000000000
000000000000000000000000
000000000000000000000000
000000000000111111111000
000000000011111111111110
000000000111111000111111
000000000111000000000111
000000000110000000000011
000000000000000000000011
000000000000000000000111
000000000000000000001111
000000000000000000111110
000000000000000011111100
000000000000000111110000
000000000000000111100000
000000000000000011100000
000000000000000011110000
000000000000000001111000
000000000000000000111000
000000000000000000111100
000000000000000000011100
000000011110000000001110
000000011111111000111110
000000001111111111111100
000000000000111111111000
000000000000000000000000
000000000000000000000000
000000000000000000000000
000000000000000000000000
000000000000000000000000
000000000000000000000000
000000000000000000000000
000000000000000000000000
000000000000000000000000
start_draw_0:
000000000000000000000000
000000000000000000000000
000000000000000000000000
000011111111000000000000
000111111111000000000000
000111100111100000000000
000110000011100000000000
000110000001100000000000
000000000011100000000000
000000000011100000000000
000000000111100000000000
000000001111000000000000
000000011111000000000000
000000011110000000000000
000000011100000000000000
000000011111000000000000
000000001111110000000000
000000000011111100000000
000000000000111110000000
000000000000011111000000
000000000000000111000000
000000000000000111000000
000000000000000111000000
000000000000011111000000
000001111111111111000000
000001111111111100000000
000000000000000000000000
000000000000000000000000
000000000000000000000000
000000000000000000000000
000000000000000000000000
000000000000000000000000
000000000000000000000000
000000000000000000000000
000000000000000000000000
000000000000000000000000
start_draw_0:
000000000000000000000000
000000000000000000000000
000000000000000000000000
000000000000000000000000
000000000000000000000000
000111111110000000000000
000111111110000000000000
000110001110000000000000
000000000110000000000000
000000000110000000000000
000000000110000000000000
000000001110000000000000
000000001110000000000000
000000011100000000000000
000000111100000000000000
000001111000000000000000
000001111111000000000000
000000111111100000000000
000000000111111000000000
000000000001111000000000
000000000000111000000000
000000001111111000000000
000000001111110000000000
000000001111000000000000
000000000000000000000000
000000000000000000000000
000000000000000000000000
000000000000000000000000
000000000000000000000000
000000000000000000000000
000000000000000000000000
000000000000000000000000
000000000000000000000000
000000000000000000000000
000000000000000000000000
000000000000000000000000
start_draw_0:
000000000000000000000000
000000000000000000000000
000000000000000000000000
000000000000000000000000
000000000000110000000000
000000011111111111100000
000001111111111111100000
000001111000000001110000
000001110000000001110000
000000000000000000110000
000000000000000001110000
000000000000000001110000
000000000000000011110000
000000000000001111100000
000000000001111111000000
000000001111111100000000
000000011111110000000000
000000011111111000000000
000000000011111100000000
000000000000111110000000
000000000000001111000000
000000000000000111000000
000000000000000011000000
000000000000000011100000
000001111100000111100000
000001111111111111100000
000000011111111111000000
000000000000000000000000
000000000000000000000000
000000000000000000000000
000000000000000000000000
000000000000000000000000
000000000000000000000000
000000000000000000000000
000000000000000000000000
000000000000000000000000
start_draw_0:
000000000000000000000000
000000000000000000000000
000000000000000000000000
000000000000000000000000
000000000000000000000000
000000000000000000000000
000001111000000000000000
001111111110000000000000
011111111110000000000000
111100001110000000000000
111000001110000000000000
110000001110000000000000
000000001110000000000000
000000011100000000000000
000000111100000000000000
000000111000000000000000
000001111000000000000000
000011110000000000000000
000011100000000000000000
000111111110000000000000
000111111111100000000000
000000001111111000000000
000000000011111100000000
000000000000111110000000
000000000000001110000000
000000000000000111000000
001110000000000111000000
001111100000001111000000
001111111111111110000000
000011111111111100000000
000000000111100000000000
000000000000000000000000
000000000000000000000000
000000000000000000000000
000000000000000000000000
000000000000000000000000
start_draw_0:
000000000000000000000000
000000000000000000000000
000000000000000000000000
000000000000000000000000
000000000000000000000000
000000000000000000000000
000000111110000000000000
000011111111110000000000
000011111111111000000000
000011000000111000000000
000000000000011100000000
000000000000011100000000
000000000000011100000000
000000000000111100000000
000000000000111000000000
000000000001110000000000
000000000111110000000000
000000001111100000000000
000000001111100000000000
000000001111110000000000
000000000001111000000000
000000000000111000000000
000000000000011100000000
000000000000011100000000
000000000000011100000000
000000000000011100000000
000000111111111100000000
000000111111111000000000
000000111111000000000000
000000000000000000000000
000000000000000000000000
000000000000000000000000
000000000000000000000000
000000000000000000000000
000000000000000000000000
000000000000000000000000
start_draw_0:
000000000000000000000000
000000000000000000000000
000000000000000000000000
000000000000000000000000
000000000000001111000000
000000000011111111000000
000000000111111111000000
000000000111100011100000
000000000111000011100000
000000000000000011000000
000000000000000011000000
000000000000000111000000
000000000000001111000000
000000000000011111000000
000000000000111110000000
000000000001111100000000
000000000001111100000000
000000000000111111000000
000000000000001111100000
000000000000000111100000
000000000000000011110000
000000000000000001110000
001111000000000000111000
001111110000000000111000
000111111100000000111000
000001111111110011110000
000000011111111111110000
000000000001111111100000
000000000000000000000000
000000000000000000000000
000000000000000000000000
000000000000000000000000
000000000000000000000000
000000000000000000000000
000000000000000000000000
000000000000000000000000
start_draw_0:
000000000000000000000000
000000000000000000000000
000000000000000000000000
000000000000000000000000
000000000000000000000000
000000000000000000000000
000000000011100000000000
000111111111111100000000
001111111111111110000000
001110000000011110000000
001100000000001111000000
000000000000000111000000
000000000000000111000000
000000000000000110000000
000000000000011110000000
000000000001111110000000
000000001111111000000000
000000001111110000000000
000000000011111100000000
000000000000111111000000
000111000000001111000000
000111100000000111100000
000011110000000011110000
000001111000000001110000
000000111100000000111000
000000011111100000111000
000000001111111000111000
000000000011111111111000
000000000000111111110000
000000000000000000000000
000000000000000000000000
000000000000000000000000
000000000000000000000000
000000000000000000000000
000000000000000000000000
000000000000000000000000
start_draw_0:
000000000000000000000000
000000000000000000000000
000000000000000000000000
000000000000000000000000
000000000000000000000000
000000000000000000000000
000011111111111000000000
000011111111111100000000
000011100000011110000000
000011000000001110000000
000000000000000110000000
000000000000000110000000
000000000000000110000000
000000000000001110000000
000000000000011110000000
000000000000111110000000
000000011111111000000000
000000011111110000000000
000000011111111000000000
000000000011111100000000
000000000000111111000000
000000000000001111000000
000000000000000111100000
011110000000000011100000
011111100000000001100000
001111111100000011100000
000001111111111111100000
000000011111111111100000
000000000001111000000000
000000000000000000000000
000000000000000000000000
000000000000000000000000
000000000000000000000000
000000000000000000000000
000000000000000000000000
000000000000000000000000
start_draw_0:
000000000000000000000000
000000000000000000000000
000000000000000000000000
000000000000000000000000
000000000000000000000000
000000000000000000000000
000000000000000000000000
000000000000000000000000
000000000000000000000000
000000000000000000000000
000000000111111111110000
000000001111111111110000
000000011110000001110000
000000011100000000110000
000000011000000000110000
000000000000000000110000
000000000000000000110000
000000000000000011110000
000000000000011111110000
000000000000011111100000
000000000000011111110000
000000000000000011111000
000000000000000000111100
000000000000000000011110
000000000000000000001110
000000000000000000001110
000000000000000000000110
000000000011100000111110
000000000011111111111110
000000000011111111111000
000000000000000000000000
000000000000000000000000
000000000000000000000000
000000000000000000000000
000000000000000000000000
000000000000000000000000
start_draw_0:
000000000000000000000000
000011111100000000000000
001111111110000000000000
001111101110000000000000
001110000111000000000000
001100000111000000000000
000000000111000000000000
000000000111000000000000
000000000111000000000000
000000000111000000000000
000000000111000000000000
000000001111000000000000
000000011110000000000000
000001111100000000000000
000001111000000000000000
000001111100000000000000
000000111110000000000000
000000001111000000000000
000000000111000000000000
000000000011100000000000
000000000011100000000000
000000000011100000000000
000001111111100000000000
000001111111000000000000
000000001110000000000000
000000000000000000000000
000000000000000000000000
000000000000000000000000
000000000000000000000000
000000000000000000000000
000000000000000000000000
000000000000000000000000
000000000000000000000000
000000000000000000000000
000000000000000000000000
000000000000000000000000
start_draw_0:
000000000000000000000000
000000000000000000000000
000000000000000000000000
000000000000000000000000
000000000000011111000000
000000000001111111110000
000000000001111111111000
000000000001100001111100
000000000000000000011110
000000000000000000001111
000000000000000000000111
000000000000000000000111
000000000000000000111110
000000000000000011111110
000000000000000111111000
000000000000000111100000
011000000000000111000000
011110000000000111000000
011111000000000011100000
001111110000000011100000
000011111100000001100000
000001111111000001100000
000000011111111011100000
000000000011111111100000
000000000000111111000000
000000000000000000000000
000000000000000000000000
000000000000000000000000
000000000000000000000000
000000000000000000000000
000000000000000000000000
000000000000000000000000
000000000000000000000000
000000000000000000000000
000000000000000000000000
000000000000000000000000
start_draw_0:
000000000000000000000000
000000000000000000000000
000000000000000000000000
000000111111000000000000
000001111111100000000000
000001111011100000000000
000011110001100000000000
000011100001100000000000
000011000001100000000000
000011000011100000000000
000000000011100000000000
000000000111000000000000
000000001111000000000000
000000011110000000000000
000000011111000000000000
000000011111000000000000
000000000011100000000000
000000000011100000000000
000000000001110000000000
000000000001110000000000
000000000001110000000000
000000000000110000000000
000000000000110000000000
000011111011110000000000
000011111111110000000000
000011111111100000000000
000000000000000000000000
000000000000000000000000
000000000000000000000000
000000000000000000000000
000000000000000000000000
000000000000000000000000
000000000000000000000000
000000000000000000000000
000000000000000000000000
000000000000000000000000
start_draw_0:
000000000000000000000000
000000000000000000000000
000000000000000000000000
000000000000000000000000
000000000000000000000000
000000000000000000000000
000000000000000000000000
000000000000000000000000
000000000000000000000000
000000000000000000000000
000000000000000000000000
001111111111100000000000
001111111111110000000000
001110000011110000000000
000000000001110000000000
000000000001110000000000
000000000011110000000000
000000000011100000000000
000000000111000000000000
000000001111000000000000
000000011110000000000000
000000011110000000000000
000000011111100000000000
000000001111110000000000
000000000011110000000000
000000000001110000000000
000000000000111000000000
000000000000111000000000
000000000000011000000000
000000000000111000000000
000001111011111000000000
000001111111111000000000
000000111111100000000000
000000000000000000000000
000000000000000000000000
000000000000000000000000
start_draw_0:
000000000000000000000000
000000000000000000000000
000000000000000000000000
000000000000000000000000
000000000000000000000000
000000000000000000000000
000000000000000000000000
000000000000000000000000
000000000000000000000000
000000000000000000000000
000000000000000000000000
000000000000000000000000
000000000011111111100000
000000001111111111100000
000000011111100011100000
000000011100000001100000
000000011000000011100000
000000000000000011100000
000000000000000111100000
000000000000001111000000
000000000000001110000000
000000000000111110000000
000000000000111100000000
000000000000111110000000
000000000000011111000000
000000000000000111110000
000000111000000011111000
000000111100000001111100
000000111111000000011110
000000001111110000001110
000000000111111111111110
000000000000111111111110
000000000000000011111000
000000000000000000000000
000000000000000000000000
000000000000000000000000
start_draw_0:
000000000000000000000000
000000000000000000000000
000000000000000000000000
001111111000000000000000
011111111111000000000000
011111111111000000000000
011100000011000000000000
000000000011000000000000
000000000111000000000000
000000001111000000000000
000000001110000000000000
000000011110000000000000
000000111100000000000000
000001111000000000000000
000001110000000000000000
000001111100000000000000
000000111111000000000000
000000011111100000000000
000000000111110000000000
000000000011111000000000
000000000001111100000000
001111100000011100000000
001111111100011100000000
000001111111111100000000
000000011111111100000000
000000000000000000000000
000000000000000000000000
000000000000000000000000
000000000000000000000000
000000000000000000000000
000000000000000000000000
000000000000000000000000
000000000000000000000000
000000000000000000000000
000000000000000000000000
000000000000000000000000
start_draw_0:
000000000000000000000000
000000000000000000000000
000000000000000000000000
000000000000000000000000
000000000000000000000000
000000001111111100000000
000000111111111110000000
000000111110001110000000
000000111000001111000000
000000110000000111000000
000000000000000111000000
000000000000000110000000
000000000000000110000000
000000000000000110000000
000000000000001110000000
000000000000011110000000
000000000000111100000000
000000000011111000000000
000000000011110000000000
000000000011111100000000
000000000000111110000000
000000000000011111000000
000000000000001111100000
000111100000000111100000
000111111000000001110000
000011111111000001110000
000000011111110001110000
000000000111111111110000
000000000000111111110000
000000000000001111000000
000000000000000000000000
000000000000000000000000
000000000000000000000000
000000000000000000000000
000000000000000000000000
000000000000000000000000
start_draw_0:
000000000000000000000000
000000000000000000000000
000000000000000000000000
000000000000000000000000
000000000000000000000000
001111111111100000000000
011111111111111000000000
111110000001111000000000
111000000000111000000000
111000000000111000000000
000000000000111000000000
000000000001111000000000
000000000011110000000000
000000001111100000000000
000000001111000000000000
000000001111110000000000
000000000111111100000000
000000000000111110000000
000000000000011111100000
000000000000000111100000
000001100000000011110000
000001111000000001110000
000001111111000001110000
000000011111111111110000
000000000011111111100000
000000000000011110000000
000000000000000000000000
000000000000000000000000
000000000000000000000000
000000000000000000000000
000000000000000000000000
000000000000000000000000
000000000000000000000000
000000000000000000000000
000000000000000000000000
000000000000000000000000
start_draw_0:
000000000000000000000000
000000000000000000000000
000000000000000000000000
000000000000000000000000
000000000000000000000000
000000000000000000000000
000000000000000000000000
000000000000000000000000
000000000000000000000000
000000000000000000000000
000000000000000000000000
000000000000000000000000
000000000000000000000000
000000000000000000000000
000000011111110000000000
000001111111111100000000
000001111110111110000000
000001110000001110000000
000001100000001110000000
000000000000001110000000
000000000011111110000000
000000111111111100000000
000000111111100000000000
000000111110000000000000
000000011111000000000000
000000000111100000000000
000000000011100000000000
110000000001100000000000
111100000001100000000000
111110000001100000000000
001111110001100000000000
000111111111100000000000
000000111111100000000000
000000000000000000000000
000000000000000000000000
000000000000000000000000
start_draw_0:
000000000000000000000000
000000000000000000000000
000000000000000000000000
000000000000000000000000
000000111111111100000000
000000111111111111000000
000000111000001111100000
000000000000000111111000
000000000000000001111000
000000000000000000011000
000000000000000000011100
000000000000000000011100
000000000000000000111100
000000000000000001111100
000000000000011111111000
000000000000011111110000
000000000000011111100000
000000000000000011110000
000000000000000001110000
000000000000000000110000
000000000000000000111000
000000000111100001111000
000000000111111111110000
000000000011111111100000
000000000000000000000000
000000000000000000000000
000000000000000000000000
000000000000000000000000
000000000000000000000000
000000000000000000000000
000000000000000000000000
000000000000000000000000
000000000000000000000000
000000000000000000000000
000000000000000000000000
000000000000000000000000
start_draw_0:
000000000000000000000000
000000000000000000000000
000000000000000000000000
000000000000000000000000
000000000000000000000000
000000000000000000000000
000000111110000000000000
000011111110000000000000
000111110110000000000000
000111000110000000000000
000000000110000000000000
000000000110000000000000
000000011110000000000000
000001111110000000000000
000001111100000000000000
000000111111000000000000
000000001111100000000000
000000000011110000000000
000000000001111000000000
000000000000111100000000
000000000000011100000000
000000111000011100000000
000000111111111100000000
000000111111111000000000
000000000000000000000000
000000000000000000000000
000000000000000000000000
000000000000000000000000
000000000000000000000000
000000000000000000000000
000000000000000000000000
000000000000000000000000
000000000000000000000000
000000000000000000000000
000000000000000000000000
000000000000000000000000
start_draw_0:
000000000000000000000000
000000000000000000000000
000000000000000000000000
000000000000000000000000
000000000000000000000000
000000000000111000000000
000000000011111100000000
000000000011111100000000
000000000111101100000000
000000000111001100000000
000000000110001100000000
000000000110001100000000
000000000110001100000000
000000000000001100000000
000000000000011100000000
000000000000011100000000
000000000000111100000000
000000000000111111100000
000000000000011111111000
000000000000000011111110
000000000000000000111110
000001100000000000001110
000001111000000000001110
000001111100000000011110
000000111111111111111100
000000001111111111111000
000000000000011110000000
000000000000000000000000
000000000000000000000000
000000000000000000000000
000000000000000000000000
000000000000000000000000
000000000000000000000000
000000000000000000000000
000000000000000000000000
000000000000000000000000
start_draw_0:
000000000000000000000000
000000000000000000000000
000000000000000000000000
000000000000000000000000
000000000000000000000000
000000000000000000000000
000000000000000000000000
000000000000000000000000
000000000111100000000000
000000111111111000000000
000001111111111000000000
000001111000011000000000
000011110000111000000000
000011100001111000000000
000011100011110000000000
000000000111100000000000
000000001111100000000000
000000011110000000000000
000000011100000000000000
000000011110000000000000
000000001111100000000000
000000000111100000000000
000000000011110000000000
000000000001110000000000
000000000000111000000000
000111000000111000000000
000111111000111000000000
000011111110111000000000
000000111111111000000000
000000001111111000000000
000000000000000000000000
000000000000000000000000
000000000000000000000000
000000000000000000000000
000000000000000000000000
000000000000000000000000
start_draw_0:
000000000000000000000000
000000000000000000000000
000000000000000000000000
000000011111111000000000
000000111111111100000000
000000111000011100000000
000000110000001110000000
000000000000001110000000
000000000000001110000000
000000000000001110000000
000000000000011100000000
000000000001111100000000
000000000001111000000000
000000000001111000000000
000000000000111100000000
000000000000011110000000
000111000000001110000000
000111100000001110000000
000111111000000111000000
000001111100000111000000
000000111111100111000000
000000001111111111000000
000000000011111111000000
000000000000011100000000
000000000000000000000000
000000000000000000000000
000000000000000000000000
000000000000000000000000
000000000000000000000000
000000000000000000000000
000000000000000000000000
000000000000000000000000
000000000000000000000000
000000000000000000000000
000000000000000000000000
000000000000000000000000
start_draw_0:
000000000000000000000000
000000000000000000000000
000000000000000000000000
000001111111100000000000
000111111111100000000000
001111111001100000000000
011111000011100000000000
011100000111100000000000
011100000111000000000000
000000001111000000000000
000000011111100000000000
000000011111111100000000
000000000011111110000000
000000000000011111000000
000000000000001111000000
000000000000000111100000
000000000000000011100000
000000000000000001110000
000000000000000001110000
000000000001110001110000
000000000001111111110000
000000000001111111110000
000000000000000111000000
000000000000000000000000
000000000000000000000000
000000000000000000000000
000000000000000000000000
000000000000000000000000
000000000000000000000000
000000000000000000000000
000000000000000000000000
000000000000000000000000
000000000000000000000000
000000000000000000000000
000000000000000000000000
000000000000000000000000
start_draw_0:
000000000000000000000000
000000000000000000000000
000000000000000000000000
000000000000000000000000
000000000000111000000000
000001111111111110000000
000011111111111110000000
000011100000001110000000
000011000000000111000000
000000000000000111000000
000000000000000111000000
000000000000001110000000
000000000000011110000000
000000000001111100000000
000000000111111100000000
000000000111111000000000
000000000111111110000000
000000000000011111100000
000000000000000111110000
000000000000000011110000
000000111000000001111000
000000111000000000111100
000000111100000000011100
000000011110000000001100
000000001111000000001100
000000000111110000011100
000000000011111111111100
000000000000111111111000
000000000000001111110000
000000000000000000000000
000000000000000000000000
000000000000000000000000
000000000000000000000000
000000000000000000000000
000000000000000000000000
000000000000000000000000
start_draw_0:
000000000000000000000000
000000000000000000000000
000000000000000000000000
000000011111111100000000
000001111111111111100000
000001111100001111110000
000000000000000001111000
000000000000000000111000
000000000000000000111000
000000000000000001111000
000000000000000011110000
000000000000000111110000
000000000000111111100000
000000000000111111100000
000000000000001111111000
000000000000000011111100
000000000000000000111100
000000000000000000001110
000000000000000000001110
000000000000000000001110
000000000000000000001110
000000000000011000011100
000000000000111000011100
000000000000111111111100
000000000000011111111000
000000000000000011100000
000000000000000000000000
000000000000000000000000
000000000000000000000000
000000000000000000000000
000000000000000000000000
000000000000000000000000
000000000000000000000000
000000000000000000000000
000000000000000000000000
000000000000000000000000
start_draw_0:
000000000000000000000000
000000000000000000000000
000000000000000000000000
000000000000000000000000
000000000000000000000000
000000000000000000000000
000000000000000000000000
000001111111110000000000
000001111111111000000000
000001110001111000000000
000001100000111000000000
000001100000011000000000
000000000000011000000000
000000000000111000000000
000000000001111000000000
000000000001110000000000
000000000011110000000000
000000000111100000000000
000000001111000000000000
000000011110000000000000
000000011100000000000000
000000011111000000000000
000000001111000000000000
000000000111100000000000
000000000011110000000000
000000000001110000000000
000000000000111000000000
000000000000111000000000
000000000000011100000000
000000000000011100000000
000000000000011100000000
000000111000011100000000
000000111111111100000000
000000011111111000000000
000000000000000000000000
000000000000000000000000
start_draw_0:
000000000000000000000000
000000000001110000000000
000000111111111110000000
000000111111111110000000
000000000000000110000000
000000000000000110000000
000000000000001110000000
000000000000111110000000
000000000111111100000000
000000000111111000000000
000000000111100000000000
000000000011100000000000
000000000011110000000000
000000000001111000000000
000000000000111100000000
000000000000011100000000
000000000000011110000000
000000000000001111000000
000000000000000111000000
000000000000000111000000
000000000111000111000000
000000000111111111000000
000000000011111110000000
000000000000000000000000
000000000000000000000000
000000000000000000000000
000000000000000000000000
000000000000000000000000
000000000000000000000000
000000000000000000000000
000000000000000000000000
000000000000000000000000
000000000000000000000000
000000000000000000000000
000000000000000000000000
000000000000000000000000
start_draw_0:
000000000000000000000000
000000000000000000000000
000000000000000000000000
000000000000000000000000
000000000000000000000000
000000000000000000000000
000000000000000000000000
000000000000000000000000
000000000000000000000000
000000000000000000000000
000000000001111110000000
000000000111111111100000
000000000111111111100000
000000000110000011110000
000000000110000001110000
000000000000000001110000
000000000000000001110000
000000000000000011100000
000000000000000111100000
000000000000011111000000
000000000000111110000000
000000000000111100000000
000000000000011110000000
000000000000001111000000
000000000000000111100000
000111000000000011100000
000111110000000001110000
000011111000000001110000
000001111110000001110000
000000011111111111110000
000000000111111111100000
000000000000111110000000
000000000000000000000000
000000000000000000000000
000000000000000000000000
000000000000000000000000
start_draw_0:
000000000000000000000000
000000000000000000000000
000000000000000000000000
000000000000000000000000
000000000000000000000000
000000000000000000000000
000000111110000000000000
000011111111000000000000
000111111111000000000000
000111000011000000000000
000111000011000000000000
000110000011000000000000
000000000011000000000000
000000000111000000000000
000000000111000000000000
000000011111000000000000
000000011110000000000000
000000011110000000000000
000000011111000000000000
000000000111000000000000
000000000111000000000000
000000000111000000000000
000000000111000000000000
000000001111000000000000
000000011110000000000000
000000011100000000000000
000000000000000000000000
000000000000000000000000
000000000000000000000000
000000000000000000000000
000000000000000000000000
000000000000000000000000
000000000000000000000000
000000000000000000000000
000000000000000000000000
000000000000000000000000
start_draw_0:
000000000000000000000000
000000000000000000000000
000000000000000000000000
000000000001111111000000
000000000011111111100000
000000000011100011110000
000000000000000001111000
000000000000000000111000
000000000000000000011100
000000000000000000011100
000000000000000000011100
000000000000000000001100
000000000000000000011100
000000000000000000111100
000000000000000001111000
000000000000000011110000
000000000000001111110000
000000000000001111000000
000000000000000111110000
000000000000000011111000
000000000000000001111100
000000000000000000011110
000000000000000000001111
000000000000000000000111
000000000000000000000111
000000000000000000111011
000000000000000000111111
000000000000000000111111
000000000000000000000000
000000000000000000000000
000000000000000000000000
000000000000000000000000
000000000000000000000000
000000000000000000000000
000000000000000000000000
000000000000000000000000
start_draw_0:
000000000000000000000000
000000000000000000000000
000000000000000000000000
001111110000000000000000
011111110000000000000000
011111110000000000000000
011000110000000000000000
000000111000000000000000
000000111000000000000000
000000111000000000000000
000000111000000000000000
000000111000000000000000
000001111000000000000000
000011110000000000000000
000011100000000000000000
000011110000000000000000
000011111100000000000000
000000111100000000000000
000000011110000000000000
000000001110000000000000
000000001110000000000000
000000011110000000000000
000011111100000000000000
000011111000000000000000
000000000000000000000000
000000000000000000000000
000000000000000000000000
000000000000000000000000
000000000000000000000000
000000000000000000000000
000000000000000000000000
000000000000000000000000
000000000000000000000000
000000000000000000000000
000000000000000000000000
000000000000000000000000
start_draw_0:
000000000000000000000000
000000000000000000000000
000000000000000000000000
000000000000000000000000
000000000000000000000000
000000000000000000000000
000000000000000000000000
000000011111100000000000
000000111111111100000000
000000111111111110000000
000000110000011111000000
000000000000000111000000
000000000000000011100000
000000000000000011100000
000000000000000011100000
000000000000000111000000
000000000000000111000000
000000000000001111000000
000000000000111110000000
000000000001111100000000
000000000001111000000000
000000000001111100000000
000000000000111110000000
000000000000001110000000
000000000000000110000000
001110000000000110000000
001111100000001110000000
000111111111111110000000
000001111111111110000000
000000000111110000000000
000000000000000000000000
000000000000000000000000
000000000000000000000000
000000000000000000000000
000000000000000000000000
000000000000000000000000
start_draw_0:
000000000000000000000000
000000000000000000000000
000000000000000000000000
001111111111111100000000
001111111111111100000000
000000000000011100000000
000000000000011100000000
000000000000111100000000
000000000001111000000000
000000000001110000000000
000000000011110000000000
000000000111100000000000
000000000111000000000000
000000001111000000000000
000000001111000000000000
000000001111110000000000
000000000111111000000000
000000000001111100000000
000000000000011110000000
000000000000001110000000
000000000000001110000000
000000000000001110000000
000000000000111110000000
000000000011111100000000
000000111111111000000000
000000111111100000000000
000000000000000000000000
000000000000000000000000
000000000000000000000000
000000000000000000000000
000000000000000000000000
000000000000000000000000
000000000000000000000000
000000000000000000000000
000000000000000000000000
000000000000000000000000
start_draw_0:
000000000000000000000000
000000000000000000000000
000000000000000000000000
000000000000000000000000
000000000000000000000000
000000000000000000000000
000000000000000000000000
000000000000001111110000
000000000000011111111000
000000000000011101111000
000000000000011000111000
000000000000011000011000
000000000000000000011000
000000000000000000011000
000000000000000000011000
000000000000000000111000
000000000000000001111000
000000000000000011110000
000000000000000111100000
000000000000001111000000
000000000000001111000000
000000000000001111100000
000000000000000111110000
000000011100000001110000
000000011110000001110000
000000011111100001110000
000000000111111111110000
000000000001111111110000
000000000000000000000000
000000000000000000000000
000000000000000000000000
000000000000000000000000
000000000000000000000000
000000000000000000000000
000000000000000000000000
000000000000000000000000
start_draw_0:
000000000000000000000000
000000000000000000000000
000000000000000000000000
000011111111000000000000
000111111111100000000000
000111100011100000000000
000110000011100000000000
000110000111000000000000
000110000111000000000000
000000001111000000000000
000000001110000000000000
000000011110000000000000
000000111100000000000000
000001111000000000000000
000011110000000000000000
000011111100000000000000
000011111111000000000000
000000001111110000000000
000000000011111000000000
000000000000111000000000
000000000000011100000000
000000000000011100000000
000000000000011100000000
000000000001111100000000
000000001111111000000000
000000001111100000000000
000000000000000000000000
000000000000000000000000
000000000000000000000000
000000000000000000000000
000000000000000000000000
000000000000000000000000
000000000000000000000000
000000000000000000000000
000000000000000000000000
000000000000000000000000
start_draw_0:
000000000000000000000000
000000000000000000000000
000000000000000000000000
000000000000000000000000
000000000011111100000000
000000000111111111000000
000000001111101111100000
000000001110000011100000
000000000110000011100000
000000000110000001110000
000000000000000001110000
000000000000000011100000
000000000000000011100000
000000000000000011100000
000000000000001111000000
000000000000011111000000
000000000000111110000000
000000000001111100000000
000000000011110000000000
000000000011111000000000
000000000000111100000000
000000000000011100000000
000000000000001100000000
000000000000001100000000
000000000000011100000000
000000110011111100000000
000000111111111000000000
000000111111100000000000
000000000000000000000000
000000000000000000000000
000000000000000000000000
000000000000000000000000
000000000000000000000000
000000000000000000000000
000000000000000000000000
000000000000000000000000
start_draw_0:
000000000000000000000000
000000000000000000000000
000011111100000000000000
011111111111000000000000
111111111111000000000000
111100000111100000000000
110000000011100000000000
110000000001110000000000
000000000001110000000000
000000000001110000000000
000000000001110000000000
000000000001110000000000
000000000001110000000000
000000000011110000000000
000000000111100000000000
000000001111100000000000
000000001111110000000000
000000001111111000000000
000000000001111110000000
000000000000011111000000
000000000000000111100000
000000000000000011100000
000000000000000001110000
000000000000000001110000
000001111000000011110000
000001111111111111100000
000000111111111111100000
000000001111111110000000
000000000000000000000000
000000000000000000000000
000000000000000000000000
000000000000000000000000
000000000000000000000000
000000000000000000000000
000000000000000000000000
000000000000000000000000
start_draw_0:
000000000000000000000000
000000000000000000000000
000000000000000000000000
000000000000000000000000
000000000111111000000000
000000001111111100000000
000000001111111110000000
000000001100011111000000
000000000000001111000000
000000000000000111000000
000000000000000011100000
000000000000000011100000
000000000000000011100000
000000000000000011100000
000000000000000111100000
000000000000001111000000
000000000000111111000000
000000000001111100000000
000000000001111100000000
000000000000111110000000
000000000000001111000000
000000000000000111000000
000000000000000111100000
000000000000000011110000
000000000000000001110000
000000000000000001110000
000000001111000001110000
000000001111111111110000
000000000111111111100000
000000000000011100000000
000000000000000000000000
000000000000000000000000
000000000000000000000000
000000000000000000000000
000000000000000000000000
000000000000000000000000
start_draw_0:
000000000000000000000000
000000000000000000000000
000000000000000000000000
000000000000000000000000
000000011000000000000000
000011111111000000000000
000011111111110000000000
000011100011111000000000
000000000000111100000000
000000000000111100000000
000000000000011100000000
000000000000001110000000
000000000000001110000000
000000000000001110000000
000000000000011110000000
000000000000111100000000
000000000001111100000000
000000000001111000000000
000000000001111100000000
000000000001111111000000
000000000000011111100000
000000000000000111110000
000000000000000001111000
000000000000000000111100
000000000000000000011100
000000000011111000011100
000000000011111111111100
000000000000111111111100
000000000000000000000000
000000000000000000000000
000000000000000000000000
000000000000000000000000
000000000000000000000000
000000000000000000000000
000000000000000000000000
000000000000000000000000
start_draw_0:
000000000000000000000000
000000000000000000000000
000000000000000000000000
000000000000000000000000
000000000000000000000000
000000000000000000000000
000000000000000000000000
001111111110000000000000
001111111111110000000000
001110001111111000000000
000000000001111100000000
000000000000011100000000
000000000000001100000000
000000000000001100000000
000000000000011100000000
000000000000111100000000
000000000001111000000000
000000000011110000000000
000000000111100000000000
000000000111111000000000
000000000111111100000000
000000000000111110000000
000000000000001111000000
000000000000000111100000
000000000000000011100000
000000000000000011100000
000000000011111111100000
000000000011111111100000
000000000000000000000000
000000000000000000000000
000000000000000000000000
000000000000000000000000
000000000000000000000000
000000000000000000000000
000000000000000000000000
000000000000000000000000
start_draw_0:
000000000000000000000000
000000000000000000000000
000000000000000000000000
000000000000001111000000
000000000000011111110000
000000000000011111111000
000000000000000000111100
000000000000000000011110
000000000000000000001111
000000000000000000000111
000000000000000000000011
000000000000000000000011
000000000000000000000011
000000000000000000000111
000000000000000000001111
000000000000000111111111
000000000000000111111100
000000000000000001111000
000000000000000000111100
000000000000000000011100
000000000000000000011110
000000000011100000001110
000000000011111110001110
000000000001111111111110
000000000000001111111110
000000000000000000000000
000000000000000000000000
000000000000000000000000
000000000000000000000000
000000000000000000000000
000000000000000000000000
000000000000000000000000
000000000000000000000000
000000000000000000000000
000000000000000000000000
000000000000000000000000
start_draw_0:
000000000000000000000000
000000000000000000000000
000000000000000000000000
000000000000000000000000
000000000000000000000000
000000000000000000000000
000000000000000000000000
000000000000000000000000
000000000000000000000000
000000000000000000000000
000000000000000000000000
000000000000000000000000
000000000000000000000000
000000000001111110000000
000000001111111111100000
000000111111111111100000
000001111100000011100000
000001110000000001100000
000001100000000001100000
000000000000000001100000
000000000000000011100000
000000000000000011100000
000000000000000011100000
000000000000000111000000
000000000000001111000000
000000000000011110000000
000000000000011100000000
000000000000011100000000
000111000000011110000000
000111111000001110000000
000011111110000111000000
000000111111110111000000
000000001111111111000000
000000000001111111000000
000000000000000000000000
000000000000000000000000
start_draw_0:
000111111111100000000000
000111100111100000000000
000000000001100000000000
000000000011100000000000
000000000011100000000000
000000000111100000000000
000000000111000000000000
000000001110000000000000
000000011110000000000000
000000111100000000000000
000001111000000000000000
000001110000000000000000
000001111000000000000000
000001111110000000000000
000000111111100000000000
000000000111110000000000
000000000011111000000000
000000000001111000000000
000000000000111000000000
000000000000011100000000
000000000000011100000000
000000000000011100000000
000000000111111100000000
000000000111111100000000
000000000111110000000000
000000000000000000000000
000000000000000000000000
000000000000000000000000
000000000000000000000000
000000000000000000000000
000000000000000000000000
000000000000000000000000
000000000000000000000000
000000000000000000000000
000000000000000000000000
000000000000000000000000
start_draw_0:
000000000000000000000000
000000000000000000000000
000000000000000000000000
000000000000000000000000
000000000000000000000000
000000000011110000000000
000000000111111100000000
000000000111111100000000
000000000111001110000000
000000000000001110000000
000000000000000110000000
000000000000000110000000
000000000000000110000000
000000000000000110000000
000000000000000110000000
000000000000000110000000
000000000000001110000000
000000000000001110000000
000000000000011110000000
000000000000111100000000
000000000001111100000000
000000000011110000000000
000000000011110000000000
000000000001111100000000
000000000000111110000000
000000000000011110000000
001111000000001111000000
001111110000000111100000
000111111110000011100000
000001111111111111100000
000000001111111111100000
000000000000011110000000
000000000000000000000000
000000000000000000000000
000000000000000000000000
000000000000000000000000
start_draw_0:
000000000000000000000000
000000000000000000000000
000000000000000000000000
000000000000000000000000
000000000000000000000000
000000000000000000000000
000011111000000000000000
000111111110000000000000
000111111111000000000000
000110000111000000000000
000000000011100000000000
000000000011100000000000
000000000011100000000000
000000000111100000000000
000000001111000000000000
000000111110000000000000
000001111100000000000000
000011111000000000000000
000011110000000000000000
000001111100000000000000
000000111110000000000000
000000001111000000000000
000000000111000000000000
000000000011000000000000
000000000011000000000000
000001111111000000000000
000001111111000000000000
000000000000000000000000
000000000000000000000000
000000000000000000000000
000000000000000000000000
000000000000000000000000
000000000000000000000000
000000000000000000000000
000000000000000000000000
000000000000000000000000
start_draw_0:
000000000000000000000000
000000000000000000000000
000000000000000000000000
000000000000000000000000
000000000000000000000000
000000000000000000000000
000000000011111000000000
000000000011111100000000
000000000011111111000000
000000000011001111000000
000000000000000111000000
000000000000000011100000
000000000000000011100000
000000000000000011100000
000000000000000011100000
000000000000000111000000
000000000000011111000000
000000000000111110000000
000000000000111000000000
000000000000111100000000
000000000000011110000000
000000000000001110000000
000000000000001111000000
000000000000000111000000
000000001100000111000000
000000001111100011000000
000000001111111111000000
000000000011111111000000
000000000000111111000000
000000000000000000000000
000000000000000000000000
000000000000000000000000
000000000000000000000000
000000000000000000000000
000000000000000000000000
000000000000000000000000
start_draw_0:
000000000000000000000000
000000000000000000000000
000000000000000000000000
000000000000000000000000
000111111111100000000000
000111111111100000000000
001111000001110000000000
001110000001110000000000
001110000000110000000000
000110000001110000000000
000000000001110000000000
000000000011100000000000
000000000111100000000000
000000001111000000000000
000000011110000000000000
000000011110000000000000
000000111100000000000000
000000111100000000000000
000000011111000000000000
000000001111100000000000
000000000111111000000000
000000000001111100000000
000000000000111111000000
000000000000001111000000
000000000000000111000000
000000000000000111000000
000000000000001111000000
000000000001111110000000
000011111111111100000000
000011111111110000000000
000000000000000000000000
000000000000000000000000
000000000000000000000000
000000000000000000000000
000000000000000000000000
000000000000000000000000
start_draw_0:
000000000000000000000000
000000000000000000000000
000000000000000000000000
000000000000000000000000
000000000000000000000000
000000001111111100000000
000000011111111110000000
000000011110011111100000
000000011000000111100000
000000000000000011110000
000000000000000001110000
000000000000000001110000
000000000000000000110000
000000000000000000111000
000000000000000000111000
000000000000000001110000
000000000000000001110000
000000000000000011100000
000000000000001111100000
000000000000111111000000
000000000000111100000000
000000000000111110000000
000000000000011111000000
000000000000000111100000
000000000000000011110000
000000000000000001111000
000000110000000000111000
000000111111111111111000
000000111111111111111000
000000000011111111100000
000000000000000000000000
000000000000000000000000
000000000000000000000000
000000000000000000000000
000000000000000000000000
000000000000000000000000
start_draw_0:
000000000000000000000000
000000000000000000000000
000000000000000000000000
000000000000000000000000
000001111110000000000000
000111111111000000000000
000111111111100000000000
000110000011100000000000
000000000001100000000000
000000000001100000000000
000000000001100000000000
000000000011100000000000
000000000111100000000000
000000000111000000000000
000000001111000000000000
000000011110000000000000
000000111100000000000000
000000111100000000000000
000001111100000000000000
000001111110000000000000
000000011111000000000000
000000000111100000000000
000000000011110000000000
000000000001110000000000
000000000000111000000000
000000000000111000000000
000111100000011000000000
000111111111111000000000
000011111111111000000000
000000000000000000000000
000000000000000000000000
000000000000000000000000
000000000000000000000000
000000000000000000000000
000000000000000000000000
000000000000000000000000
start_draw_0:
000000000000000000000000
000000000000000000000000
000001111111100000000000
000001111111110000000000
000011110011111000000000
000011100001111000000000
000000000000111000000000
000000000000011000000000
000000000000011000000000
000000000001111000000000
000000000011111000000000
000000000111110000000000
000000011111100000000000
000000111110000000000000
000001111100000000000000
000001110000000000000000
000001111110000000000000
000000111111000000000000
000000001111000000000000
000000000111000000000000
000000111111000000000000
000111111110000000000000
111111111000000000000000
111111000000000000000000
000000000000000000000000
000000000000000000000000
000000000000000000000000
000000000000000000000000
000000000000000000000000
000000000000000000000000
000000000000000000000000
000000000000000000000000
000000000000000000000000
000000000000000000000000
000000000000000000000000
000000000000000000000000
start_draw_0:
000000000000000000000000
000000000000000000000000
000000000000000000000000
000000000000000000000000
000000000000000000000000
000000000000000000000000
000000000000000000000000
000000000000000000000000
000000000000000000000000
000000000000000000000000
000000000000000000000000
000000000000000000000000
000000000000000000000000
000000000000000000000000
000000000000000000000000
000000000000000000000000
000000000000000000000000
000000000000000000000000
000000000000000000000000
000000000000000000000000
000000000000000111000000
000000000000111111100000
000000000000111111110000
000000000000110001110000
000000000000110000110000
000000000000000001110000
000000000000000011110000
000000000000000111100000
000000000000000111100000
000000000000000111100000
000000000000000001100000
000000000011111111100000
000000000011111111100000
000000000000000000000000
000000000000000000000000
000000000000000000000000
start_draw_0:
000000000000000000000000
000000000000000000000000
000000000000000000000000
000000000000000000000000
000000000000000000000000
000000000000000000000000
000000000000000000000000
000000000000000000000000
000000000000000000000000
000000000000000000000000
000000000000000000000000
000000000000000000000000
000000000000000000000000
000000000000000000000000
000000000000000000000000
000000000000000000000000
001111110000000000000000
001111111000000000000000
001101111000000000000000
000000011100000000000000
000000011100000000000000
000000011100000000000000
000000111100000000000000
000011111000000000000000
000111111000000000000000
000111110000000000000000
000011111100000000000000
000000111100000000000000
000000111100000000000000
111111111100000000000000
111111111000000000000000
000000000000000000000000
000000000000000000000000
000000000000000000000000
000000000000000000000000
000000000000000000000000
start_draw_0:
000000000000000000000000
000000000000000000000000
000000000000000000000000
001111111100000000000000
001111111110000000000000
001110011110000000000000
000000000110000000000000
000000000111000000000000
000000001111000000000000
000000011111000000000000
000011111110000000000000
000011111100000000000000
000011111000000000000000
000011111100000000000000
000000111100000000000000
000000001110000000000000
000000001110000000000000
011111111110000000000000
011111111100000000000000
000111110000000000000000
000000000000000000000000
000000000000000000000000
000000000000000000000000
000000000000000000000000
000000000000000000000000
000000000000000000000000
000000000000000000000000
000000000000000000000000
000000000000000000000000
000000000000000000000000
000000000000000000000000
000000000000000000000000
000000000000000000000000
000000000000000000000000
000000000000000000000000
000000000000000000000000
start_draw_0:
000000000000000000000000
000000000000000000000000
000000000000011111100000
000000000000111111110000
000000000000111011110000
000000000000000000110000
000000000000000000110000
000000000000000000110000
000000000000000001110000
000000000000000011110000
000000000000001111110000
000000000000111111000000
000000000000111111000000
000000000000011111110000
000000000000000011111000
000000000000000000111000
000000000000000000011100
000000000001111111111100
000000000001111111111000
000000000000000000000000
000000000000000000000000
000000000000000000000000
000000000000000000000000
000000000000000000000000
000000000000000000000000
000000000000000000000000
000000000000000000000000
000000000000000000000000
000000000000000000000000
000000000000000000000000
000000000000000000000000
000000000000000000000000
000000000000000000000000
000000000000000000000000
000000000000000000000000
000000000000000000000000
start_draw_0:
000000000000000000000000
000000000000000000000000
000000000000000000000000
000000000000000000000000
000000000000000000000000
000000000000000000000000
000000000000000000000000
000000000000000000000000
000000000000000000000000
000000000000000000000000
000000000000000000000000
000000000000000000000000
000000000000000000000000
000000000000000000000000
000000000000000000000000
000000000000000000000000
000000111110000000000000
000011111111100000000000
000111111111100000000000
000111000111100000000000
000000001111000000000000
000000011110000000000000
000000111100000000000000
000001111000000000000000
000001111000000000000000
000001111100000000000000
000000111110000000000000
000000001111000000000000
000000000111000000000000
000000000011000000000000
000000000111000000000000
000001111111000000000000
000001111110000000000000
000000011000000000000000
000000000000000000000000
000000000000000000000000
start_draw_0:
000000000000000000000000
000000000000000000000000
000000000000000000000000
000000000000000000000000
000000000000000000000000
000000000000000000000000
000000000000000000000000
000000000000000000000000
000000000000000000000000
000000000000000000000000
000000000000000000000000
000000000000000000000000
000000000000000000000000
000000000000000000000000
000000000000000000000000
000000000000000000001100
000000000000011111111111
000000000000111111111111
000000000001111100000111
000000000001110000001110
000000000001110000011110
000000000001100001111100
000000000000000011111000
000000000000000111110000
000000000000000111100000
000000000000000111100000
000000000000000011100000
000000011100000001100000
000000011111000001100000
000000001111111011100000
000000000011111111100000
000000000000111111100000
000000000000000000000000
000000000000000000000000
000000000000000000000000
000000000000000000000000
start_draw_0:
000000000000000000000000
000000000000000000000000
000000000000000000000000
000000000000000000000000
000111100000000000000000
001111110000000000000000
001111111000000000000000
001100111000000000000000
000000011000000000000000
000000111000000000000000
000001111000000000000000
000111111000000000000000
001111100000000000000000
001111100000000000000000
000111111000000000000000
000011111100000000000000
000000111110000000000000
000000011110000000000000
000001111110000000000000
111111111100000000000000
111111111000000000000000
000000000000000000000000
000000000000000000000000
000000000000000000000000
000000000000000000000000
000000000000000000000000
000000000000000000000000
000000000000000000000000
000000000000000000000000
000000000000000000000000
000000000000000000000000
000000000000000000000000
000000000000000000000000
000000000000000000000000
000000000000000000000000
000000000000000000000000
start_draw_0:
000000000000000000000000
000000000000000000000000
000000000000000000000000
000000000000000000000000
000000000000000000000000
000000000000000000000000
000000000000000000000000
000000000000000000000000
000000000000000000000000
000000000011111110000000
000000000111111111000000
000000000111000111000000
000000000110000111000000
000000000110001111000000
000000000000011110000000
000000000000011110000000
000000000000011111000000
000000000000001111100000
000000000000000011100000
000000000000000001110000
000000000000000001110000
000000000001111111110000
000000000001111111100000
000000000000000000000000
000000000000000000000000
000000000000000000000000
000000000000000000000000
000000000000000000000000
000000000000000000000000
000000000000000000000000
000000000000000000000000
000000000000000000000000
000000000000000000000000
000000000000000000000000
000000000000000000000000
000000000000000000000000
start_draw_0:
000000000000000000000000
000000000000000000000000
000011111111111000000000
000111111111111000000000
000111100000111000000000
000110000001111000000000
000000000001110000000000
000000000011110000000000
000000000111100000000000
000000001111000000000000
000000001111000000000000
000000001111100000000000
000000000111100000000000
000000000011100000000000
000000000001100000000000
000000000001100000000000
000001100011100000000000
000001111111100000000000
000001111111100000000000
000000011110000000000000
000000000000000000000000
000000000000000000000000
000000000000000000000000
000000000000000000000000
000000000000000000000000
000000000000000000000000
000000000000000000000000
000000000000000000000000
000000000000000000000000
000000000000000000000000
000000000000000000000000
000000000000000000000000
000000000000000000000000
000000000000000000000000
000000000000000000000000
000000000000000000000000
start_draw_0:
000000000000000000000000
000000000000000000000000
000000000000000000000000
000000000000000000000000
000000000000000000000000
000000111111000000000000
000011111111110000000000
000111111111111100000000
000111000000111110000000
000110000000011110000000
000110000000001110000000
000110000000000110000000
000110000000000110000000
000000000000000110000000
000000000000001110000000
000000000000011110000000
000000000000111100000000
000000000001111000000000
000000000011110000000000
000000000111100000000000
000000000111000000000000
000000000111000000000000
000000000111110000000000
000000000011111000000000
000000000001111000000000
000000000000111100000000
000000000000011100000000
000000000000001100000000
000000000000001100000000
011111000000011110000000
011111111111111110000000
000011111111111100000000
000000000000000000000000
000000000000000000000000
000000000000000000000000
000000000000000000000000
start_draw_0:
000000000000000000000000
000000000000000000000000
000000000000000111110000
000000000000001111111100
000000000000001110111100
000000000000001100001110
000000000000000000001110
000000000000000000001110
000000000000000000001110
000000000000000000011100
000000000000000000111100
000000000000000000111000
000000000000000000111100
000000000000000000111100
000000000001111000011110
000000000001111110011110
000000000000111111111110
000000000000001111111100
000000000000000000000000
000000000000000000000000
000000000000000000000000
000000000000000000000000
000000000000000000000000
000000000000000000000000
000000000000000000000000
000000000000000000000000
000000000000000000000000
000000000000000000000000
000000000000000000000000
000000000000000000000000
000000000000000000000000
000000000000000000000000
000000000000000000000000
000000000000000000000000
000000000000000000000000
000000000000000000000000
start_draw_0:
000000000000000000000000
000000000000000000000000
000000000000000000000000
000000000000000000000000
000000000000000000000000
000000000000000000000000
000000000000000000000000
000000000000000000000000
000000000000000000000000
000000000000000000000000
000000000000000000000000
000000000000000000000000
000000000000000000000000
000000000000000000000000
000000000000000000000000
000000000000000000000000
000000000000000000000000
000000000000000000000000
000001111111100000000000
000011111111100000000000
000011110001100000000000
000011000001100000000000
000011000011100000000000
000000000011100000000000
000000000111100000000000
000000001111000000000000
000000011111000000000000
000000111100000000000000
000000111110000000000000
000000011111000000000000
000000000111000000000000
000000000111000000000000
000011001110000000000000
000011111110000000000000
000011111110000000000000
000000111100000000000000
start_draw_0:
000000000000000000000000
000000000000000000000000
000001111110000000000000
000001111111100000000000
000001111111111000000000
000000000001111000000000
000000000000111000000000
000000000000011000000000
000000000000111000000000
000000000000111000000000
000000000011111000000000
000000001111110000000000
000000001111110000000000
000000000111110000000000
000000000001111000000000
000000000000111000000000
000000000000011000000000
000000000000111000000000
000000000001111000000000
000001111111110000000000
000001111111110000000000
000001111110000000000000
000000000000000000000000
000000000000000000000000
000000000000000000000000
000000000000000000000000
000000000000000000000000
000000000000000000000000
000000000000000000000000
000000000000000000000000
000000000000000000000000
000000000000000000000000
000000000000000000000000
000000000000000000000000
000000000000000000000000
000000000000000000000000
start_draw_0:
000000000000000000000000
000000000000000000000000
000000000000000000000000
000000111111000000000000
000011111111000000000000
000111111111100000000000
000111000011100000000000
000110000011100000000000
000000000011000000000000
000000000111000000000000
000000001111000000000000
000000001110000000000000
000000001111000000000000
000000001111000000000000
000000000111100000000000
000000000011100000000000
000000000011100000000000
000000000111000000000000
000001111111000000000000
000001111110000000000000
000000000000000000000000
000000000000000000000000
000000000000000000000000
000000000000000000000000
000000000000000000000000
000000000000000000000000
000000000000000000000000
000000000000000000000000
000000000000000000000000
000000000000000000000000
000000000000000000000000
000000000000000000000000
000000000000000000000000
000000000000000000000000
000000000000000000000000
000000000000000000000000
start_draw_0:
000000000000000000000000
000000000000000000000000
000000000000000000000000
000000000000000000000000
000000000000000000000000
000000000000000000000000
000000000000000000000000
000000000000000000000000
000000000000000000000000
000000000000001111111000
000000000000011111111000
000000000000111110111100
000000000000111000011100
000000000000000000011100
000000000000000000001100
000000000000000000001100
000000000000000000001100
000000000000000000011100
000000000000000000111100
000000000000000011111000
000000000000000111110000
000000000000000111100000
000000000000000111100000
000000000000000011100000
000000000000000001100000
000000000111000001100000
000000000111110011100000
000000000011111111100000
000000000000111111100000
000000000000011111000000
000000000000000000000000
000000000000000000000000
000000000000000000000000
000000000000000000000000
000000000000000000000000
000000000000000000000000
start_draw_0:
000000000000000000000000
000000000000000000000000
000111111110000000000000
000111111111100000000000
000111001111110000000000
000000000001111000000000
000000000000111000000000
000000000000111000000000
000000000001110000000000
000000000011110000000000
000000000111110000000000
000000001111000000000000
000000001110000000000000
000000001111100000000000
000000001111110000000000
000000000001111000000000
000000000000111000000000
000000000000011000000000
000111000000011000000000
000111110000111000000000
000111111111111000000000
000000111111111000000000
000000000000000000000000
000000000000000000000000
000000000000000000000000
000000000000000000000000
000000000000000000000000
000000000000000000000000
000000000000000000000000
000000000000000000000000
000000000000000000000000
000000000000000000000000
000000000000000000000000
000000000000000000000000
000000000000000000000000
000000000000000000000000
start_draw_0:
000000000000000000000000
000000000000000000000000
000000000000000000000000
000000000000000000000000
000000000000000000000000
000000000000000000000000
000000000000000000000000
000000000000000000000000
000000000000000000000000
000000000000000000000000
000000000000000000000000
000000000000000000000000
000000000000000000000000
000000000000000000000000
000000001111111100000000
000000111111111110000000
000000111100011110000000
000001110000000111000000
000001110000000111000000
000000000000000111000000
000000000000000111000000
000000000000000111000000
000000000000001110000000
000000000000111110000000
000000000011111110000000
000000000011111100000000
000000000011111110000000
000000000000011110000000
000111000000001110000000
000111111001111110000000
000011111111111110000000
000000111111111000000000
000000000000000000000000
000000000000000000000000
000000000000000000000000
000000000000000000000000
start_draw_0:
000000000000000000000000
000000000000000000000000
000000000000000000000000
000000000000000000000000
000000000000111111100000
000000000001111111110000
000000000001110001111000
000000000000000000111000
000000000000000000111000
000000000000000000110000
000000000000000001110000
000000000000000011110000
000000000000000011100000
000000000000000111100000
000000000000000111100000
000000000000000111110000
000000000000000011111000
000000000000000001111000
000000000000000000111100
000000000000000000011100
000000000111110000011100
000000000111111110011100
000000000001111111111100
000000000000001111111000
000000000000000000000000
000000000000000000000000
000000000000000000000000
000000000000000000000000
000000000000000000000000
000000000000000000000000
000000000000000000000000
000000000000000000000000
000000000000000000000000
000000000000000000000000
000000000000000000000000
000000000000000000000000
start_draw_0:
000000000000000000000000
000000000000000000000000
000000000000000000000000
000000000000000000000000
000001111111000000000000
000111111111100000000000
011111110111100000000000
011110000001110000000000
011100000001110000000000
011000000001110000000000
000000000011100000000000
000000000011100000000000
000000000111100000000000
000000001111000000000000
000000001110000000000000
000000001111000000000000
000000001111110000000000
000000000111111000000000
000000000001111100000000
000000000000111110000000
000000000000001110000000
000000000000001110000000
000000111000000110000000
000000111111111110000000
000000011111111110000000
000000000111111000000000
000000000000000000000000
000000000000000000000000
000000000000000000000000
000000000000000000000000
000000000000000000000000
000000000000000000000000
000000000000000000000000
000000000000000000000000
000000000000000000000000
000000000000000000000000
start_draw_0:
000000000000000000000000
000000000000000000000000
000000000000000000000000
000000000000000000000000
000000000000000000000000
000000000000000000000000
000000011111110000000000
000000111111111100000000
000000111101111110000000
000000110000011111000000
000000000000000111100000
000000000000000011100000
000000000000000011100000
000000000000000011100000
000000000000000111100000
000000000000001111000000
000000000000011111000000
000000000001111110000000
000000000011111000000000
000000000011110000000000
000000000011111100000000
000000000001111110000000
000000000000011111000000
000110000000000111100000
000111000000000011100000
000111111000000111100000
000011111111111111100000
000000111111111110000000
000000000000000000000000
000000000000000000000000
000000000000000000000000
000000000000000000000000
000000000000000000000000
000000000000000000000000
000000000000000000000000
000000000000000000000000
start_draw_0:
000000000000000000000000
000000000000000000000000
000000000000000000000000
001111110000000000000000
001111111110000000000000
001111111111110000000000
000000000111110000000000
000000000001111000000000
000000000001111000000000
000000000011111000000000
000000000111110000000000
000000001111100000000000
000000001111000000000000
000000001111000000000000
000000001111110000000000
000000000111111100000000
000000000001111111000000
000000000000001111100000
000111100000000011100000
000111111000000011110000
000011111111000111110000
000000111111111111100000
000000000111111111000000
000000000000000000000000
000000000000000000000000
000000000000000000000000
000000000000000000000000
000000000000000000000000
000000000000000000000000
000000000000000000000000
000000000000000000000000
000000000000000000000000
000000000000000000000000
000000000000000000000000
000000000000000000000000
000000000000000000000000
start_draw_0:
000000000000000000000000
000000000000000000000000
000000000000000000000000
000000111111111000000000
000001111111111000000000
000001110000111000000000
000001110000111000000000
000000110001111000000000
000000000011110000000000
000000000111100000000000
000000001111000000000000
000000001110000000000000
000000001111100000000000
000000000111110000000000
000000000011111000000000
000000000000111000000000
000000000000111100000000
000000000000011100000000
000000000000011100000000
000000000000011100000000
000111110001111100000000
000111111111111000000000
000011111111100000000000
000000000000000000000000
000000000000000000000000
000000000000000000000000
000000000000000000000000
000000000000000000000000
000000000000000000000000
000000000000000000000000
000000000000000000000000
000000000000000000000000
000000000000000000000000
000000000000000000000000
000000000000000000000000
000000000000000000000000
start_draw_0:
000000000000000000000000
000000000000000000000000
000000000000000000000000
000000000000000000000000
000000000000000000000000
000000000000000000000000
000000000000000000000000
000000000000000000000000
000000000000000000000000
000000000000000000000000
000000000000000000000000
000000000000000000000000
000000000000000000000000
000000000000000000000000
000111111000000000000000
000111111100000000000000
000110011100000000000000
000000001100000000000000
000000001100000000000000
000000001100000000000000
000000001100000000000000
000000001100000000000000
000000001100000000000000
000011111100000000000000
000011111100000000000000
000000111111000000000000
000000001111000000000000
000000000011000000000000
111000000111000000000000
111110000111000000000000
011111111110000000000000
000111111110000000000000
000000111000000000000000
000000000000000000000000
000000000000000000000000
000000000000000000000000
start_draw_0:
000000000000000000000000
000000000000000000000000
000000000000000000000000
000000000000000000000000
000000000011111110000000
000000000011111111100000
000000000011001111100000
000000000000000011100000
000000000000000011100000
000000000000000011100000
000000000000000111100000
000000000000001111000000
000000000000011110000000
000000000000011110000000
000000000000011111100000
000000000000001111110000
000000000000000011111000
000000000000000000111000
000000000000000000111000
000000000000000000011000
000000000000000000011000
000000000000000001111000
000000000110000011111000
000000000111111111110000
000000000111111111000000
000000000001110000000000
000000000000000000000000
000000000000000000000000
000000000000000000000000
000000000000000000000000
000000000000000000000000
000000000000000000000000
000000000000000000000000
000000000000000000000000
000000000000000000000000
000000000000000000000000
start_draw_0:
000000000000000000000000
000000000000000000000000
000000000000000000000000
000000000000000000000000
011111111111100000000000
111111111111100000000000
111100000001100000000000
000000000011100000000000
000000000011100000000000
000000000111000000000000
000000001111000000000000
000000011110000000000000
000000011100000000000000
000000011100000000000000
000000011111100000000000
000000011111110000000000
000000000011111000000000
000000000000111000000000
000000000000011000000000
000000000000011000000000
000011100000111000000000
000011111101111000000000
000001111111110000000000
000000011111100000000000
000000000000000000000000
000000000000000000000000
000000000000000000000000
000000000000000000000000
000000000000000000000000
000000000000000000000000
000000000000000000000000
000000000000000000000000
000000000000000000000000
000000000000000000000000
000000000000000000000000
000000000000000000000000
start_draw_0:
000000000000000000000000
000000000000000000000000
000000000000000000000000
000000000000000000000000
000000000000000000000000
000000000000000000000000
000000000111111111000000
000000000111111111110000
000000000000000111111000
000000000000000000111100
000000000000000000011100
000000000000000000011100
000000000000000001111000
000000000000000111111000
000000000000011111100000
000000000000111111000000
000000000000111111000000
000000000000011111100000
000000000000000111100000
000000000000000011100000
000000000000000001100000
000000000000000111100000
000000011111111111100000
000000011111111111000000
000000000011110000000000
000000000000000000000000
000000000000000000000000
000000000000000000000000
000000000000000000000000
000000000000000000000000
000000000000000000000000
000000000000000000000000
000000000000000000000000
000000000000000000000000
000000000000000000000000
000000000000000000000000