start_draw_0:
000000000000000000000000
000000000000000000000000
000111111111111111000000
000111111111111111000000
000111110000000000000000
000110000000000000000000
000110000000000000000000
000110000000000000000000
000111111000000000000000
000111111111100000000000
000111111111111000000000
000000000001111100000000
000000000000011110000000
000000000000001110000000
000000000000000110000000
000000000000000110000000
000000000000001110000000
000011100000001110000000
000011111000011100000000
000011111111111100000000
000000111111111000000000
000000000000000000000000
000000000000000000000000
000000000000000000000000
000000000000000000000000
000000000000000000000000
000000000000000000000000
000000000000000000000000
000000000000000000000000
000000000000000000000000
000000000000000000000000
000000000000000000000000
000000000000000000000000
000000000000000000000000
000000000000000000000000
000000000000000000000000
start_draw_0:
000000000000000000000000
000000000000011110000000
000000000000011111111000
000000000000011111111000
000000000000011000000000
000000000000011000000000
000000000000111000000000
000000000000111000000000
000000000000111000000000
000000000000111000000000
000000000000111110000000
000000000000011111000000
000000000000000111100000
000000000000000011100000
000000000000000011100000
000000000000000111100000
000000000011101111000000
000000000011111111000000
000000000011111110000000
000000000000000000000000
000000000000000000000000
000000000000000000000000
000000000000000000000000
000000000000000000000000
000000000000000000000000
000000000000000000000000
000000000000000000000000
000000000000000000000000
000000000000000000000000
000000000000000000000000
000000000000000000000000
000000000000000000000000
000000000000000000000000
000000000000000000000000
000000000000000000000000
000000000000000000000000
start_draw_0:
000000000000000000000000
000000000000000000000000
000000000000000000000000
000110000000000000000000
011111111110000000000000
011111111110000000000000
011110000000000000000000
001100000000000000000000
001100000000000000000000
001100000000000000000000
001100000000000000000000
001100000000000000000000
001100000000000000000000
001111111111111000000000
001111111111111110000000
000000000000111110000000
000000000000001111000000
000000000000000111000000
000000000000000011000000
000000000000000011000000
000111000000000011000000
000111110000000111000000
000111111100000111000000
000001111111111110000000
000000001111111110000000
000000000001111000000000
000000000000000000000000
000000000000000000000000
000000000000000000000000
000000000000000000000000
000000000000000000000000
000000000000000000000000
000000000000000000000000
000000000000000000000000
000000000000000000000000
000000000000000000000000
start_draw_0:
000000000000000000000000
000000000000000000000000
000000000000000000000000
000000000000000000000000
000000111111111111100000
000001111111111111100000
000001111000000000000000
000000111000000000000000
000000110000000000000000
000001110000000000000000
000001110000000000000000
000001110000000000000000
000001110000000000000000
000001110000000000000000
000001110000011000000000
000000111111111110000000
000000111111111111000000
000000111100001111100000
000000000000000011110000
000000000000000001110000
000000000000000001111000
000000000000000000111000
000000000000000000111000
000000000000000000011000
000000000000000000011000
000000000000000000011000
000011100000000000011000
000011111000000000111000
000001111110000011111000
000000111111111111110000
000000000111111111100000
000000000000000000000000
000000000000000000000000
000000000000000000000000
000000000000000000000000
000000000000000000000000
start_draw_0:
000000000000000000000000
000001111111111111000000
000001111111111111000000
000001111000000000000000
000001110000000000000000
000001100000000000000000
000001100000000000000000
000001100000000000000000
000001110000000000000000
000001111111111100000000
000001111111111111000000
000000000000011111100000
000000000000000111110000
000000000000000011111000
000000000000000001111100
000000000000000000111100
000000000000000000011110
000000000000000000001110
000000000000000000001110
000000000000000000000111
000000000000000000000111
000000000000000000000111
000000000000000000000111
000000000000000000000111
000000000000000000000111
000000000110000000001111
000000000111100000011110
000000000111111111111100
000000000011111111111100
000000000000001111110000
000000000000000000000000
000000000000000000000000
000000000000000000000000
000000000000000000000000
000000000000000000000000
000000000000000000000000
start_draw_0:
000000000000000000000000
000000000000000000000000
000000000000000000000000
000000000000000000000000
000000000000000000000000
000000000000000000000000
000000000000000000000000
000000000000000000000000
000000000000000000000000
000000000000000000000000
000000000000000000000000
000000000000000000000000
000000000000000000000000
000000000000000000000000
011111111110000000000000
011111111110000000000000
000001111110000000000000
000001110000000000000000
000001100000000000000000
000001100000000000000000
000001100000000000000000
000001111111000000000000
000001111111110000000000
000001111111111000000000
000001100000111100000000
000000000000011100000000
000000000000011100000000
000000000000001100000000
000000000000001100000000
000000000000001100000000
000000000000011100000000
000000011111111100000000
000000011111111100000000
000000001111100000000000
000000000000000000000000
000000000000000000000000
start_draw_0:
000000000000000000000000
000000000000000000000000
000000000000000000000000
000000000000000000000000
000000000000000000000000
000000000000000000000000
000000000000000000000000
000000000000000000000000
000000000000000000000000
000000000000000000000000
000000000000000000000000
000000000000000000000000
000000000000000000000000
000000000000000000000000
000000000000000000000000
000000000000001111111100
000000000011111111111100
000000000011111111000000
000000000011100000000000
000000000001100000000000
000000000001100000000000
000000000001100000000000
000000000001111111100000
000000000001111111110000
000000000000000011111000
000000000000000000111000
000000000000000000111000
000000000011100000011100
000000000011111000011100
000000000001111110001100
000000000000111111111100
000000000000001111111100
000000000000000000000000
000000000000000000000000
000000000000000000000000
000000000000000000000000
start_draw_0:
000000000000000000000000
000000001111100000000000
000111111111100000000000
000111111111000000000000
000111000000000000000000
000110000000000000000000
000111000000000000000000
000111000000000000000000
000111000000000000000000
000011000000000000000000
000011000000000000000000
000011111111100000000000
000011111111110000000000
000011111001111000000000
000000000000111100000000
000000000000011100000000
000000000000011100000000
000000000000001110000000
000000000000001110000000
000000000000001110000000
000000000000000110000000
000000000000000110000000
000000111000011110000000
000000111111111110000000
000000111111111100000000
000000000000000000000000
000000000000000000000000
000000000000000000000000
000000000000000000000000
000000000000000000000000
000000000000000000000000
000000000000000000000000
000000000000000000000000
000000000000000000000000
000000000000000000000000
000000000000000000000000
start_draw_0:
000000000000000000000000
000000000000000000000000
000000000000000000000000
000000000011111111100000
000000000011111111100000
000000000001111000000000
000000000001110000000000
000000000001100000000000
000000000011100000000000
000000000011100000000000
000000000011100000000000
000000000011000000000000
000000000011000000000000
000000000011000000000000
000000000011111111000000
000000000011111111110000
000000000000000011110000
000000000000000001110000
000000000000000000111000
000000000000000000111000
000000000111000000111000
000000000111110000011000
000000000111111110111000
000000000000111111111000
000000000000001111110000
000000000000000000000000
000000000000000000000000
000000000000000000000000
000000000000000000000000
000000000000000000000000
000000000000000000000000
000000000000000000000000
000000000000000000000000
000000000000000000000000
000000000000000000000000
000000000000000000000000
start_draw_0:
000000000000000000000000
000000000000000000000000
000000000000000000000000
000000000000000000000000
000000000000000000000000
000000000000000000000000
000000000000000000000000
000000000000000000000000
000000000000000000000000
000000000000000000000000
000000000000000000000000
000011100000000000000000
000011111111111000000000
001111111111111000000000
001110000000000000000000
001110000000000000000000
001110000000000000000000
001110000000000000000000
001110000000000000000000
000110000000000000000000
000111000000000000000000
000111111111111000000000
000111111111111100000000
000011110000111110000000
000000000000001111000000
000000000000000111000000
000000000000000011000000
000111100000000111000000
000111110000001111000000
000011111111111110000000
000000111111111110000000
000000000000000000000000
000000000000000000000000
000000000000000000000000
000000000000000000000000
000000000000000000000000
start_draw_0:
000000000000000000000000
000000000000001110000000
000000011111111110000000
000011111111111110000000
000011111100000000000000
000000011000000000000000
000000111000000000000000
000000111000000000000000
000000110000000000000000
000001110000000000000000
000001110000000000000000
000001110000000000000000
000001100000000000000000
000001111111100000000000
000001111111111000000000
000001111111111100000000
000000000000011100000000
000000000000001100000000
000000000000001110000000
000000000000001110000000
000000000000001110000000
000000000000011100000000
000011111111111100000000
000011111111111000000000
000000011100000000000000
000000000000000000000000
000000000000000000000000
000000000000000000000000
000000000000000000000000
000000000000000000000000
000000000000000000000000
000000000000000000000000
000000000000000000000000
000000000000000000000000
000000000000000000000000
000000000000000000000000
start_draw_0:
000000000000000000000000
000000000000000000000000
000000000000000000000000
000000000000000000000000
000000000000000000000000
000000000000000000000000
000000000000000000000000
000000000000000000000000
000000000000110000000000
000000000000111111111111
000000000001111111111111
000000000001111000000000
000000000000110000000000
000000000000110000000000
000000000000110000000000
000000000000110000000000
000000000000110000000000
000000000000110000000000
000000000000111111111000
000000000000111111111100
000000000000111111111110
000000000000000000011110
000000000000000000001111
000000000000000000000111
000000000000000000000111
000000000000000000000011
000000000111000000000111
000000000111110000001111
000000000011111111111110
000000000000111111111100
000000000000000000000000
000000000000000000000000
000000000000000000000000
000000000000000000000000
000000000000000000000000
000000000000000000000000
start_draw_0:
000000000000000000000000
000000000000000000000000
000000000000000000000000
000000000000000000000000
000111111111111000000000
111111111111111000000000
111111000000000000000000
001110000000000000000000
001110000000000000000000
001110000000000000000000
001100000000000000000000
001100000000000000000000
001100000000000000000000
001110111111100000000000
001111111111110000000000
000111111111111000000000
000000000000111000000000
000000000000111000000000
000000000000111000000000
000000000000011000000000
000000000000111000000000
000000000001111000000000
000000011111110000000000
000111111111100000000000
000111111100000000000000
000000000000000000000000
000000000000000000000000
000000000000000000000000
000000000000000000000000
000000000000000000000000
000000000000000000000000
000000000000000000000000
000000000000000000000000
000000000000000000000000
000000000000000000000000
000000000000000000000000
start_draw_0:
000000000000000000000000
000000000000000000000000
000000000000000000000000
000000000000000000000000
000000000000000000000000
000000000000000000000000
000000000000000111110000
000000000011111111110000
000000000111111110000000
000000001111100000000000
000000001100000000000000
000000001100000000000000
000000001110000000000000
000000001111110000000000
000000000111111110000000
000000000011111111000000
000000000000000111000000
000000000000000011000000
000000000000000011000000
000000000000000011000000
000000000000000011000000
000000000111000011000000
000000000111100011000000
000000000011111011000000
000000000001111111000000
000000000000111111000000
000000000000001110000000
000000000000000000000000
000000000000000000000000
000000000000000000000000
000000000000000000000000
000000000000000000000000
000000000000000000000000
000000000000000000000000
000000000000000000000000
000000000000000000000000
start_draw_0:
000000000000000000000000
000000000000000000000000
000000000000000000000000
000000000011000000000000
001111111111000000000000
001111111111000000000000
000110000000000000000000
000110000000000000000000
000110000000000000000000
000110000000000000000000
001110000000000000000000
001110000000000000000000
001110000000000000000000
001110000000000000000000
001111111110000000000000
001111111111000000000000
000000000111100000000000
000000000011100000000000
000000000001110000000000
000000000001110000000000
001110000001110000000000
001111100001110000000000
000111110001110000000000
000011111111110000000000
000000111111100000000000
000000000011000000000000
000000000000000000000000
000000000000000000000000
000000000000000000000000
000000000000000000000000
000000000000000000000000
000000000000000000000000
000000000000000000000000
000000000000000000000000
000000000000000000000000
000000000000000000000000
start_draw_0:
000000000000000000000000
000000000000000000000000
000000000000000000000000
000000000000000000000000
000000000011100000000000
000000000011100111110000
000000000011111111110000
000000000011111110000000
000000000011000000000000
000000000011000000000000
000000000011000000000000
000000000011000000000000
000000000011000000000000
000000000011100000000000
000000000011111111100000
000000000011111111111000
000000000000000001111100
000000000000000000011100
000000000000000000011100
000000000000000000011100
000000000000000000011100
000000000000000000111100
000000000001110001111000
000000000001111111111000
000000000000111111100000
000000000000000000000000
000000000000000000000000
000000000000000000000000
000000000000000000000000
000000000000000000000000
000000000000000000000000
000000000000000000000000
000000000000000000000000
000000000000000000000000
000000000000000000000000
000000000000000000000000
start_draw_0:
000000000000000000000000
000000000000000000000000
000000000000000000000000
000000000001111000000000
000011111111111000000000
000011111111111000000000
000011000000000000000000
000011000000000000000000
000111000000000000000000
000111000000000000000000
000111000000000000000000
000110000000000000000000
000110000000000000000000
000110000000000000000000
000110000000000000000000
000110000000000000000000
000111111111100000000000
000111111111110000000000
000000000001111000000000
000000000000111000000000
000000000000011000000000
000000000000011100000000
000000000000011100000000
000000000000011100000000
000000000000011100000000
000000011111111100000000
000000011111111100000000
000000000011110000000000
000000000000000000000000
000000000000000000000000
000000000000000000000000
000000000000000000000000
000000000000000000000000
000000000000000000000000
000000000000000000000000
000000000000000000000000
start_draw_0:
000000000000000000000000
000000000000000000000000
000000000000000000000000
000000000000000000000000
000000000000000000000000
000000000000000000000000
000000000000000000000000
000000000111111111100000
000000000111111111100000
000000000011100000000000
000000000011100000000000
000000000011100000000000
000000000011100000000000
000000000011100000000000
000000000011111100000000
000000000011111111000000
000000000000011111000000
000000000000000111100000
000000000000000011100000
000000000000000001110000
000000000000000001110000
000000000000000001110000
000000000000011110110000
000000000000011111110000
000000000000001111110000
000000000000000000000000
000000000000000000000000
000000000000000000000000
000000000000000000000000
000000000000000000000000
000000000000000000000000
000000000000000000000000
000000000000000000000000
000000000000000000000000
000000000000000000000000
000000000000000000000000
start_draw_0:
000000000000000000000000
000000000000000000000000
000000011000000000000000
001111111000000000000000
001111111000000000000000
001110000000000000000000
001110000000000000000000
001110000000000000000000
001100000000000000000000
001100000000000000000000
001101111000000000000000
001111111110000000000000
001111111110000000000000
000000001111000000000000
000000000111000000000000
000000000111000000000000
000000000011000000000000
000000000011000000000000
000000000111000000000000
000111111111000000000000
000111111110000000000000
000000000000000000000000
000000000000000000000000
000000000000000000000000
000000000000000000000000
000000000000000000000000
000000000000000000000000
000000000000000000000000
000000000000000000000000
000000000000000000000000
000000000000000000000000
000000000000000000000000
000000000000000000000000
000000000000000000000000
000000000000000000000000
000000000000000000000000
start_draw_0:
000000000000000000000000
000000000000000000011000
000000000011111111111000
000000000011111111111000
000000000111000000000000
000000000111000000000000
000000000111000000000000
000000000110000000000000
000000000110000000000000
000000000110000000000000
000000000111111110000000
000000000111111111100000
000000000111111111110000
000000000000000001110000
000000000000000001111000
000000000000000000111000
000000000000000000111000
000000000000000000011100
000000000000000000011100
000000000000011110011100
000000000000011111101100
000000000000001111111100
000000000000000001111100
000000000000000000000000
000000000000000000000000
000000000000000000000000
000000000000000000000000
000000000000000000000000
000000000000000000000000
000000000000000000000000
000000000000000000000000
000000000000000000000000
000000000000000000000000
000000000000000000000000
000000000000000000000000
000000000000000000000000
start_draw_0:
000000000000000000000000
000000000000000000000000
000000000000000000000000
000000000000000000000000
000000000000000000000000
000000000000000000000000
000000000000000000000000
000000000000000000000000
000000000000000000000000
000000000000000000000000
000000000000000000000000
000110001111100000000000
000111111111100000000000
000111111111100000000000
000111000000000000000000
000111000000000000000000
000111000000000000000000
000011000000000000000000
000011000000000000000000
000011000000000000000000
000111110000000000000000
000111111111100000000000
000011111111110000000000
000000000011111000000000
000000000000111100000000
000000000000111100000000
000000000000011110000000
000000000000001110000000
000000000000011110000000
000001111111111110000000
000001111111111100000000
000000000000000000000000
000000000000000000000000
000000000000000000000000
000000000000000000000000
000000000000000000000000
start_draw_0:
000000000000000000000000
000000000000000000000000
000000000000000000000000
000000000000000000000000
000000000000000000000000
000000000000110001111000
000000000011111111111000
000000000111111111111000
000000000111110000000000
000000000001100000000000
000000000011100000000000
000000000011100000000000
000000000011100000000000
000000000011111110000000
000000000011111111100000
000000000000001111110000
000000000000000001111000
000000000000000000111000
000000000000000000111000
000000000000000000011000
000000000000000000011000
000000011000000000011000
000000011110000000011000
000000011111110000011000
000000000111111111111000
000000000001111111111000
000000000000001111110000
000000000000000000000000
000000000000000000000000
000000000000000000000000
000000000000000000000000
000000000000000000000000
000000000000000000000000
000000000000000000000000
000000000000000000000000
000000000000000000000000
start_draw_0:
000000000000000000000000
000000000000000000000000
000000000011100000000000
000111111111100000000000
000111111111100000000000
000111100000000000000000
000011000000000000000000
000111000000000000000000
000111011111000000000000
000111111111110000000000
000111111111110000000000
000000000001110000000000
000000000000110000000000
000000000000110000000000
000001111111110000000000
000001111111110000000000
000000000000000000000000
000000000000000000000000
000000000000000000000000
000000000000000000000000
000000000000000000000000
000000000000000000000000
000000000000000000000000
000000000000000000000000
000000000000000000000000
000000000000000000000000
000000000000000000000000
000000000000000000000000
000000000000000000000000
000000000000000000000000
000000000000000000000000
000000000000000000000000
000000000000000000000000
000000000000000000000000
000000000000000000000000
000000000000000000000000
start_draw_0:
000000000000000000000000
000000000000000000000000
000000000000000000000000
000000000000000000000000
000000000000000000000000
000000000000000000000000
000000000000000000000000
000000000000000000000000
000000000000000000000000
000000000000000000000000
000000000000000000000000
000000000000000000000000
000000000000000000000000
000000000000000000000000
000000000000000000000000
110000000000000000000000
111100000000000000000000
111111111111111100000000
111111111111111110000000
110000000000011110000000
110000000000000000000000
110000000000000000000000
111000000000000000000000
111000011111100000000000
011111111111110000000000
011111111111111000000000
000000000000111000000000
000000000000011000000000
000000000000111000000000
000000000011111000000000
000111111111110000000000
000111111111100000000000
000000000000000000000000
000000000000000000000000
000000000000000000000000
000000000000000000000000
start_draw_0:
000000000000000000000000
000000000000000000000000
000000000000000000000000
000000000000000000000000
000000000000000000000000
000000000000000000000000
000000000000000000000000
000000000000000000000000
000000000000000000000000
000000000000000000000000
000000000000000000000000
000000000000000000000000
000000000000000000000000
000000000000000000000000
000000000000000000000000
000000000000000000000000
000000011111111110000000
000000011111111111100000
000000011111001111100000
000000000111000000000000
000000000111000000000000
000000000111000000000000
000000000111000000000000
000000000111000000000000
000000000111111111000000
000000000111111111110000
000000000000000011111000
000000000000000001111000
000000000000000000111000
000000000000000001111000
000000000011111111111000
000000000011111111100000
000000000000000000000000
000000000000000000000000
000000000000000000000000
000000000000000000000000
start_draw_0:
000000000000000000000000
000000000001111111111100
000000000001111111111100
000000000000111100000000
000000000001111000000000
000000000001110000000000
000000000011110000000000
000000000011100000000000
000000000011100000000000
000000000011000000000000
000000000111000000000000
000000000111000000000000
000000000111011111100000
000000000111111111111100
000000000111111111111110
000000000111000000001110
000000000000000000000110
000000000000000000000110
000000000000000000000110
000000000000000000001110
000000000000000000001110
000000000111000000011100
000000000111111111111100
000000000011111111111000
000000000000000000000000
000000000000000000000000
000000000000000000000000
000000000000000000000000
000000000000000000000000
000000000000000000000000
000000000000000000000000
000000000000000000000000
000000000000000000000000
000000000000000000000000
000000000000000000000000
000000000000000000000000
start_draw_0:
000000000000000000000000
000000000000000000000000
000000000000000000000000
000000000000000000000000
000000000000000000000000
000000000011110000000000
000001111111110000000000
000011111111100000000000
000011100000000000000000
000011100000000000000000
000011100000000000000000
000011100000000000000000
000011000000000000000000
000011000000000000000000
000011111111110000000000
000011111111111000000000
000000000000111110000000
000000000000011110000000
000000000000001111000000
000000000000000111000000
000000000000000011000000
000000000000000011000000
000000011000000011000000
000000011111111111000000
000000011111111111000000
000000000000000000000000
000000000000000000000000
000000000000000000000000
000000000000000000000000
000000000000000000000000
000000000000000000000000
000000000000000000000000
000000000000000000000000
000000000000000000000000
000000000000000000000000
000000000000000000000000
start_draw_0:
000000000000000000000000
000000000000000000000000
000000000000000000000000
000000000000000000000000
000000000000000000000000
000000000000000000000000
000000000000000000000000
000000000000000000000000
000000000000000000000000
000000000000000000000000
000000000000000000000000
000000000000000000000000
000000000000000000000000
000000000000000000000000
000000000000000000000000
000000000000000000000000
000000000001111111110000
000000000001111111110000
000000000011111111110000
000000000011000000000000
000000000011000000000000
000000000011000000000000
000000000011000000000000
000000000011100000000000
000000000011100000000000
000000000001111111111000
000000000001111111111100
000000000000000000111100
000000000000000000001110
000000000000000000001110
000000001100000000000110
000000001110000000000110
000000001111000000001110
000000000111000000001110
000000000111111000001110
000000000011111111101100
start_draw_0:
000000000000000000000000
000000000000000000000000
000000000000000000000000
000000000000000000000000
000000111111111111111100
000001111111111111111100
000001111000000000000000
000000111000000000000000
000001110000000000000000
000001110000000000000000
000001100000000000000000
000001100000000000000000
000001111111100000000000
000001111111111100000000
000000000001111110000000
000000000000011111000000
000000000000000111000000
000000000000000111000000
000000000000000011000000
000000111000000011000000
000000111111101111000000
000000011111111111000000
000000000011111110000000
000000000000000000000000
000000000000000000000000
000000000000000000000000
000000000000000000000000
000000000000000000000000
000000000000000000000000
000000000000000000000000
000000000000000000000000
000000000000000000000000
000000000000000000000000
000000000000000000000000
000000000000000000000000
000000000000000000000000
start_draw_0:
000000000000000000000000
000000000000000000000000
000000000000000000000000
000000000000000000000000
000000000000000000000000
111000111111100000000000
111111111111100000000000
111111111111100000000000
111100000000000000000000
111000000000000000000000
011000000000000000000000
011000000000000000000000
011100000000000000000000
011110000000000000000000
001111111111000000000000
001111111111100000000000
000000000011110000000000
000000000001110000000000
000000000000111000000000
000011100000111000000000
000011110000111000000000
000011111100011000000000
000000111111111000000000
000000001111111000000000
000000000001100000000000
000000000000000000000000
000000000000000000000000
000000000000000000000000
000000000000000000000000
000000000000000000000000
000000000000000000000000
000000000000000000000000
000000000000000000000000
000000000000000000000000
000000000000000000000000
000000000000000000000000
start_draw_0:
000000000000000000000000
000000000000000000000000
000000000000000000000000
000000000001111111111100
000000001111111111111100
000000001111111000011100
000000001110000000000000
000000001110000000000000
000000001110000000000000
000000000110000000000000
000000000111000000000000
000000000111111110000000
000000000111111111100000
000000000011110111100000
000000000000000001110000
000000000000000001110000
000000000000000000110000
000000000000000000110000
000000000000000000110000
000000000011000000111000
000000000011110000111000
000000000011111111110000
000000000000111111110000
000000000000000110000000
000000000000000000000000
000000000000000000000000
000000000000000000000000
000000000000000000000000
000000000000000000000000
000000000000000000000000
000000000000000000000000
000000000000000000000000
000000000000000000000000
000000000000000000000000
000000000000000000000000
000000000000000000000000
start_draw_0:
000000000000000000000000
000000000000000000000000
000000000000000000000000
000000000000000000000000
000000000000000000000000
000000000000000000000000
000000000000000000000000
001101111100000000000000
001111111100000000000000
001111111100000000000000
001100000000000000000000
001100000000000000000000
001100000000000000000000
001100000000000000000000
001100000000000000000000
001100000000000000000000
001110111111000000000000
001111111111000000000000
001111111111100000000000
000000000011100000000000
000000000011100000000000
000000000001100000000000
000000000001100000000000
000000000001100000000000
000000000001100000000000
000011100011100000000000
000011111111100000000000
000011111111100000000000
000000000000000000000000
000000000000000000000000
000000000000000000000000
000000000000000000000000
000000000000000000000000
000000000000000000000000
000000000000000000000000
000000000000000000000000
start_draw_0:
000000000000000000000000
000000000000000000000000
000000000000000000000000
000000000000000000000000
000000000000000000000000
000000000000000000000000
000000001111111111000000
000000001111111111000000
000000001100000000000000
000000001100000000000000
000000001100000000000000
000000001100000000000000
000000001100000000000000
000000001110000000000000
000000001111111000000000
000000001111111110000000
000000000000011111000000
000000000000000111100000
000000000000000011100000
000000000000000011100000
000000000000000001110000
000011111000000001110000
000011111111000011110000
000000111111111111110000
000000000111111111100000
000000000000000000000000
000000000000000000000000
000000000000000000000000
000000000000000000000000
000000000000000000000000
000000000000000000000000
000000000000000000000000
000000000000000000000000
000000000000000000000000
000000000000000000000000
000000000000000000000000
start_draw_0:
000000000000000000000000
000000000000000000000000
000000000000000000000000
000000000000000000000000
000000000000000000000000
000111111111110000000000
000111111111110000000000
000001100000000000000000
000011100000000000000000
000011100000000000000000
000011100000000000000000
000011100000000000000000
000011100000000000000000
000011100000000000000000
000011111111110000000000
000001111111111100000000
000000000001111110000000
000000000000011111000000
000000000000000111100000
000001111000000011110000
000001111111000001110000
000000011111111111110000
000000000011111111110000
000000000000001111100000
000000000000000111000000
000000000000000000000000
000000000000000000000000
000000000000000000000000
000000000000000000000000
000000000000000000000000
000000000000000000000000
000000000000000000000000
000000000000000000000000
000000000000000000000000
000000000000000000000000
000000000000000000000000
start_draw_0:
000000000000000000000000
000000000000000000000000
000000000000000000000000
000000000000000000000000
000000000000000000000000
000000000000000000000000
000000000000000000000000
000000000000000000000000
000000000000000000000000
000000000000000000000000
000000000000000000000000
000000000000000000000000
000000000111110000000000
000000000111111111000000
000000000001111111111000
000000000011100111111000
000000000011100000000000
000000000011100000000000
000000000011000000000000
000000000011000000000000
000000000011111111000000
000000000011111111110000
000000000000000111111000
000000000000000001111100
000000000000000000011110
000000000000000000001110
000000000000011111001110
000000000000011111111110
000000000000000111111110
000000000000000000000000
000000000000000000000000
000000000000000000000000
000000000000000000000000
000000000000000000000000
000000000000000000000000
000000000000000000000000
start_draw_0:
000000000000000000000000
000000000000000000000000
000000011111111110000000
000011111111111110000000
000011111110000000000000
000011110000000000000000
000000110000000000000000
000000110000000000000000
000000110000000000000000
000000111110000000000000
000000111111000000000000
000000001111100000000000
000000000011110000000000
000000000001110000000000
000000000001110000000000
000000000000110000000000
000111100000110000000000
000111111111110000000000
000001111111110000000000
000000000000000000000000
000000000000000000000000
000000000000000000000000
000000000000000000000000
000000000000000000000000
000000000000000000000000
000000000000000000000000
000000000000000000000000
000000000000000000000000
000000000000000000000000
000000000000000000000000
000000000000000000000000
000000000000000000000000
000000000000000000000000
000000000000000000000000
000000000000000000000000
000000000000000000000000
start_draw_0:
000000000000000000000000
000000000000000000000000
000000000000000000000000
000000000000000000000000
000011111111110000000000
000011111111110000000000
000001110000000000000000
000001100000000000000000
000011100000000000000000
000011100000000000000000
000011100000000000000000
000011110000000000000000
000011111111111000000000
000011111111111000000000
000000000000011000000000
000111000000011100000000
000111111000011100000000
000111111111111100000000
000000111111111100000000
000000000111111000000000
000000000000000000000000
000000000000000000000000
000000000000000000000000
000000000000000000000000
000000000000000000000000
000000000000000000000000
000000000000000000000000
000000000000000000000000
000000000000000000000000
000000000000000000000000
000000000000000000000000
000000000000000000000000
000000000000000000000000
000000000000000000000000
000000000000000000000000
000000000000000000000000
start_draw_0:
000000000000000000000000
000000000000000000000000
000000000000000000000000
000000000000000000000000
000000000000000000000000
000000000000000000000000
000000000000000000000000
000000000000000000000000
000000000000000000000000
000000000000000000000000
000000000000000000000000
000000000000000000000000
000000111100000000000000
000000111111111100000000
000000111111111111000000
000000111000011111000000
000000111000000000000000
000000111000000000000000
000000111000000000000000
000000111111111100000000
000000011111111111000000
000000000000001111100000
000000000000000011100000
000000111000000001110000
000000111110000001110000
000000011111110000110000
000000001111111111110000
000000000001111111110000
000000000000001111110000
000000000000000000000000
000000000000000000000000
000000000000000000000000
000000000000000000000000
000000000000000000000000
000000000000000000000000
000000000000000000000000
start_draw_0:
000000000000000000000000
000000000000000000000000
000000000000000000000000
000000000000000000000000
000000000001111111100000
000000000001111111100000
000000000001111000000000
000000000001110000000000
000000000001110000000000
000000000001100000000000
000000000011111111000000
000000000011111111100000
000000000000000011100000
000000000000000001110000
000000000000000001110000
000000000111000001110000
000000000111110000110000
000000000011111111110000
000000000000111111110000
000000000000001111110000
000000000000000000000000
000000000000000000000000
000000000000000000000000
000000000000000000000000
000000000000000000000000
000000000000000000000000
000000000000000000000000
000000000000000000000000
000000000000000000000000
000000000000000000000000
000000000000000000000000
000000000000000000000000
000000000000000000000000
000000000000000000000000
000000000000000000000000
000000000000000000000000
start_draw_0:
000000000000000000000000
000000000000000000000000
000011111111100000000000
000011111111100000000000
000111100000000000000000
000111000000000000000000
000110000000000000000000
001111100000000000000000
001111111100000000000000
000011111110000000000000
000000011111100000000000
000000000111100000000000
000000000011110000000000
000000000001110000000000
000000000000110000000000
000011111001110000000000
000011111111110000000000
000000111111110000000000
000000000000000000000000
000000000000000000000000
000000000000000000000000
000000000000000000000000
000000000000000000000000
000000000000000000000000
000000000000000000000000
000000000000000000000000
000000000000000000000000
000000000000000000000000
000000000000000000000000
000000000000000000000000
000000000000000000000000
000000000000000000000000
000000000000000000000000
000000000000000000000000
000000000000000000000000
000000000000000000000000
start_draw_0:
000000000000000000000000
000000000000000000000000
000000000000000000000000
000000000000000000000000
000000000000000000000000
000000000000000000000000
000000000000000000000000
000000000000000000000000
000000000000000000000000
000000000000000000000000
000000000000000000000000
000000000000000000000000
000000000000000000000000
000000000000000000000000
000000000000000000000000
000000000000000000000000
000000000000000000000000
000000000000000000000000
000000000001111111000000
000000000001111111000000
000000000001111111000000
000000000001110000000000
000000000001110000000000
000000000001110000000000
000000000001110000000000
000000000001110000000000
000000000001111111100000
000011110001111111100000
000011111001111111110000
000001111110000001111000
000000011111100000111000
000000001111111000011100
000000000011111110011100
000000000000111111111100
000000000000001111111100
000000000000000001111100
start_draw_0:
000000000000000000000000
000000000000000000000000
000000000000000000000000
000000000000000000000000
000000000000000000000000
000000000000000000000000
000000000000000000000000
000000000000000000000000
000000000000000000000000
000000000000000000000000
000000000000000000000000
000000000000000000000000
000000000000000000000000
000000000000000000000000
001110000000000000000000
001111111111100000000000
001111111111100000000000
000111000111100000000000
001111000000000000000000
001110000000000000000000
001100000000000000000000
001111111111110000000000
001111111111111000000000
001111110001111000000000
000000000000011100000000
000000000000011100000000
000000111000001100000000
000000111100001100000000
000000111111111100000000
000000001111111100000000
000000000011110000000000
000000000000000000000000
000000000000000000000000
000000000000000000000000
000000000000000000000000
000000000000000000000000
start_draw_0:
001111111111111110000000
001111110001111110000000
001110000000000000000000
001110000000000000000000
001110000000000000000000
001110000000000000000000
001100000000000000000000
001110000000000000000000
001110000000000000000000
001111000000000000000000
000111000000110000000000
000111111111111111000000
000011111111111111100000
000000000000000011110000
000000000000000001110000
000000000000000000110000
000000000000000000111000
000000000000000000111000
000000000000000000111000
000000000000000000111000
000000000000000000111000
000000000000000011110000
000000000001111111110000
000111111111111111000000
000111111111111000000000
000000000000000000000000
000000000000000000000000
000000000000000000000000
000000000000000000000000
000000000000000000000000
000000000000000000000000
000000000000000000000000
000000000000000000000000
000000000000000000000000
000000000000000000000000
000000000000000000000000
start_draw_0:
000000000000000000000000
000000000000000000000000
000000000000000000000000
000000110000000011110000
000000111111111111110000
000000111111111111110000
000000110000000000000000
000000110000000000000000
000000111000000000000000
000000111000000000000000
000000111000000000000000
000000011111111000000000
000000011111111111111000
000000000001111111111110
000000000000000000111111
000000000000000000000111
000000000000000000000001
000000000000000000000001
000000000000000000000001
000000001100000000000011
000000001110000000000011
000000001111000000000111
000000000111110000001111
000000000011111000111110
000000000001111111111100
000000000000011111110000
000000000000000000000000
000000000000000000000000
000000000000000000000000
000000000000000000000000
000000000000000000000000
000000000000000000000000
000000000000000000000000
000000000000000000000000
000000000000000000000000
000000000000000000000000
start_draw_0:
000000000000000000000000
000000000000000000000000
000000000000000000000000
001111111111111000000000
001111111111111000000000
000111000011111000000000
000110000000000000000000
000110000000000000000000
000110000000000000000000
000110000000000000000000
000111100000000000000000
000111111111110000000000
000011111111111000000000
000000000000111100000000
000000000000011110000000
000000000000001111000000
000000000000000111000000
000000000000000011000000
000000000000000011000000
000000011100000111000000
000000011111111111000000
000000011111111111000000
000000000111111100000000
000000000000000000000000
000000000000000000000000
000000000000000000000000
000000000000000000000000
000000000000000000000000
000000000000000000000000
000000000000000000000000
000000000000000000000000
000000000000000000000000
000000000000000000000000
000000000000000000000000
000000000000000000000000
000000000000000000000000
start_draw_0:
000000000000000000000000
000000000000000000000000
000000000000000000000000
000000000000000000000000
000000000000000000000000
000000000000000000000000
000000000000000000000000
000000000000000000000000
000000000000000000000000
000000001111111111000000
000000011111111111000000
000000111111000000000000
000000111100000000000000
000000111000000000000000
000000110000000000000000
000000110000000000000000
000000110000000000000000
000000110000000000000000
000000110000000000000000
000000110000000000000000
000000110000000000000000
000000111111111111111000
000000111111111111111000
000000111100000000111100
000000000000000000011100
000000000000000000001100
000000000000000000001100
000000001110000000001100
000000001111100000011100
000000000111110000011100
000000000011111111111100
000000000000111111111000
000000000000001111000000
000000000000000000000000
000000000000000000000000
000000000000000000000000
start_draw_0:
000000000000000000000000
000000000000000000000000
000000000000000000000000
000000000000000000000000
011000000000000000000000
111111111111111000000000
111111111111111000000000
111000000000111000000000
110000000000000000000000
110000000000000000000000
111000000000000000000000
011000000000000000000000
111000000000000000000000
111000000000000000000000
111111100000000000000000
111111111110000000000000
011111111111110000000000
011000001111111100000000
000000000001111111000000
000000000000011111000000
000000000000000111000000
000000000000000011000000
000000000000000111000000
000000000000000111000000
000000000000001111000000
000000000000011110000000
000111000001111110000000
000111111111111000000000
000111111111110000000000
000000000000000000000000
000000000000000000000000
000000000000000000000000
000000000000000000000000
000000000000000000000000
000000000000000000000000
000000000000000000000000
start_draw_0:
000000000000000000000000
000000000000000000000000
000000000000000000000000
000000000000000000000000
000000000000000000000000
000000000011111111111111
000000000011111111111111
000000000011110000000000
000000000011000000000000
000000000011000000000000
000000000011000000000000
000000000011000000000000
000000000011000000000000
000000000011000000000000
000000000011000000000000
000000000011111111100000
000000000011111111111000
000000000011110001111000
000000000000000000111000
000000000000000000011100
000000000000000000011100
000000000000000000011100
000000000000000000001100
000000000000000000001100
000000000000000000001100
000000000000000000001100
000000000000011100001100
000000000000011111001100
000000000000011111111100
000000000000000111111100
000000000000000000000000
000000000000000000000000
000000000000000000000000
000000000000000000000000
000000000000000000000000
000000000000000000000000
start_draw_0:
000000000000000000000000
000000000000000000000000
000000000001110000000000
011111111111110000000000
011111111111100000000000
011100000000000000000000
011100000000000000000000
011000000000000000000000
011000000000000000000000
011000000000000000000000
011000000000000000000000
011000000000000000000000
011000000000000000000000
011000000000000000000000
011000000000000000000000
011000000000000000000000
011000000000000000000000
011100000000000000000000
011100000000000000000000
011100111111110000000000
001111111111111000000000
001111111001111100000000
000000000000011100000000
000000000000001110000000
000000000000001110000000
001110000000001110000000
001111110000001110000000
001111111111111110000000
000001111111111100000000
000000000011110000000000
000000000000000000000000
000000000000000000000000
000000000000000000000000
000000000000000000000000
000000000000000000000000
000000000000000000000000
start_draw_0:
000000000000000000000000
000000000000000000000000
000000000000000000000000
000000011111111111100000
000000011111111111110000
000000011111000011110000
000000011000000000000000
000000011000000000000000
000000011000000000000000
000000011000000000000000
000000011000000000000000
000000011000000000000000
000000011000000000000000
000000011100000000000000
000000011111111110000000
000000011111111111100000
000000001111000111110000
000000001100000001110000
000000000000000000111000
000000000000000000111000
000000000000000000111000
000000000000000000111000
000000000000000001110000
000000011000000011110000
000000011111111111110000
000000011111111111100000
000000000011110000000000
000000000000000000000000
000000000000000000000000
000000000000000000000000
000000000000000000000000
000000000000000000000000
000000000000000000000000
000000000000000000000000
000000000000000000000000
000000000000000000000000
start_draw_0:
000000000000000000000000
000000000000000000000000
000000000000111110000000
000000001111111110000000
000000111111111000000000
000000111110000000000000
000000111000000000000000
000000110000000000000000
000000110000000000000000
000000110000000000000000
000000110000000000000000
000000110000000000000000
000000111111110000000000
000000111111111000000000
000000111110111110000000
000000111000011110000000
000000000000001111000000
000000000000000111000000
000000000000000011100000
000000000000000011100000
000000000000000001100000
000000000000000001100000
000000000000000011100000
000111111111111111100000
000111111111111111000000
000000000000000000000000
000000000000000000000000
000000000000000000000000
000000000000000000000000
000000000000000000000000
000000000000000000000000
000000000000000000000000
000000000000000000000000
000000000000000000000000
000000000000000000000000
000000000000000000000000
start_draw_0:
000000000000000000000000
000000000000000000000000
000000000000000000000000
000000000111111111100000
000000001111111111100000
000000001110000000000000
000000001110000000000000
000000011100000000000000
000000011100000000000000
000000011100000000000000
000000011100000000000000
000000011100000000000000
000000001100000000000000
000000001110000000000000
000000001110000000000000
000000001111111111110000
000000000111111111110000
000000000000000001111000
000000000000000000111000
000000000000000000011000
000000000000000000011100
000011100000000000011100
000011110000000000011100
000011111100000000001100
000000111110000000001100
000000011111100000011100
000000000111111111111100
000000000001111111111000
000000000000000000000000
000000000000000000000000
000000000000000000000000
000000000000000000000000
000000000000000000000000
000000000000000000000000
000000000000000000000000
000000000000000000000000
start_draw_0:
000000000000000000000000
000000000000000000000000
000000000000000000000000
000011111111000000000000
011111111111000000000000
011111111111000000000000
001100000000000000000000
001100000000000000000000
001100000000000000000000
001100000000000000000000
001100000000000000000000
001110000000000000000000
001110000000000000000000
001110000000000000000000
001110000000000000000000
000110000000000000000000
000111111111000000000000
000111111111110000000000
000011111111110000000000
000000000001110000000000
000000000000110000000000
000000000000110000000000
000000000000110000000000
001110000000110000000000
001111111111110000000000
001111111111110000000000
000000000000000000000000
000000000000000000000000
000000000000000000000000
000000000000000000000000
000000000000000000000000
000000000000000000000000
000000000000000000000000
000000000000000000000000
000000000000000000000000
000000000000000000000000
start_draw_0:
000000000000000000000000
000000000000000000000000
000000000000000000000000
000000000000000000000000
000000000000000000000000
000000000000000000000000
000000000000000000000000
000000000111111111111111
000000000111111111111111
000000000111100000000000
000000000111000000000000
000000000111000000000000
000000001110000000000000
000000001110000000000000
000000001110000000000000
000000001110000000000000
000000001110000000000000
000000000111111111111000
000000000111111111111000
000000000000000000111000
000000000000000000011000
000000000000000000011000
000000000000000000111000
000000000000000000111000
000000011100000000111000
000000011111000001110000
000000001111111111110000
000000000011111111100000
000000000000011111000000
000000000000000000000000
000000000000000000000000
000000000000000000000000
000000000000000000000000
000000000000000000000000
000000000000000000000000
000000000000000000000000
start_draw_0:
000000000000000000000000
000000000000000000000000
000000000000000000000000
000111111111000000000000
000111111111000000000000
000110000000000000000000
000110000000000000000000
000110000000000000000000
000110000000000000000000
000110000000000000000000
000110000000000000000000
000110000000000000000000
000111111100000000000000
000111111110000000000000
000000001111000000000000
000000000111100000000000
000000000011100000000000
000000000001110000000000
000111000001110000000000
000111111110110000000000
000111111111110000000000
000000001111110000000000
000000000000000000000000
000000000000000000000000
000000000000000000000000
000000000000000000000000
000000000000000000000000
000000000000000000000000
000000000000000000000000
000000000000000000000000
000000000000000000000000
000000000000000000000000
000000000000000000000000
000000000000000000000000
000000000000000000000000
000000000000000000000000
start_draw_0:
000000000000000000000000
000000000000000000000000
000001110111111111110000
000001111111111111110000
000001111111111111110000
000001110000000000000000
000001100000000000000000
000001100000000000000000
000001100000000000000000
000001100000000000000000
000001100000000000000000
000001100000000000000000
000001100000000000000000
000001100000000000000000
000001111111111000000000
000001111111111100000000
000001111000111110000000
000001100000001110000000
000000000000000111000000
000000000000000111000000
000000000000000011000000
000000000000000011000000
000000000000000011000000
000000000000000011000000
000000000000000011000000
000000000000000011000000
000000000000000011000000
000000001111100111000000
000000001111111111000000
000000000001111110000000
000000000000000000000000
000000000000000000000000
000000000000000000000000
000000000000000000000000
000000000000000000000000
000000000000000000000000
start_draw_0:
000000000000000000000000
000000000000000000000000
000000000000000000000000
000000000000000000000000
000000000000000000000000
000000011111111100000000
001111111111111100000000
111111111111111100000000
111100000000000000000000
110000000000000000000000
111000000000000000000000
111000000000000000000000
011100000000000000000000
011100000000000000000000
011100000000000000000000
001110000000000000000000
001110000000000000000000
000110000000000000000000
000110000000000000000000
000110000000000000000000
000110000000000000000000
000110111100000000000000
000111111111100000000000
000111111111110000000000
000111100001111000000000
000000000000111100000000
000000000000011100000000
000000000000011100000000
000000000000001100000000
000000000000001100000000
000011110000111100000000
000011111111111100000000
000001111111111000000000
000000000000000000000000
000000000000000000000000
000000000000000000000000
start_draw_0:
000000000000000000000000
000000000000000000000000
000000111111111110000000
000001111111111110000000
000001110000000000000000
000011100000000000000000
000011100000000000000000
000011100000000000000000
000011111100000000000000
000011111111100000000000
000011111111111000000000
000000000001111000000000
000000000000111100000000
000000000000011110000000
000000000000001110000000
000000000000001110000000
000000000000000110000000
000000000000000111000000
000000000000000111000000
000000000000000111000000
000000000000000111000000
001110000000000110000000
001111000000001110000000
001111110000011110000000
000011111111111100000000
000001111111111000000000
000000001111100000000000
000000000000000000000000
000000000000000000000000
000000000000000000000000
000000000000000000000000
000000000000000000000000
000000000000000000000000
000000000000000000000000
000000000000000000000000
000000000000000000000000
start_draw_0:
000000000000000000000000
000000000000000000000000
000000000000000000000000
000000000000000000000000
000000000000000000000000
000000000000000000000000
000000000000000000000000
000000000000000000000000
000000000000000000000000
000111111111110000000000
011111111111110000000000
011111000000000000000000
011000000000000000000000
011100000000000000000000
011100000000000000000000
011100000000000000000000
001100000000000000000000
001100000000000000000000
001100000000000000000000
001111111111000000000000
001111111111110000000000
001111000011111000000000
001110000000111100000000
000000000000011100000000
000000000000011100000000
000000000000011100000000
000000001111111100000000
000001111111111000000000
000001111111000000000000
000000000000000000000000
000000000000000000000000
000000000000000000000000
000000000000000000000000
000000000000000000000000
000000000000000000000000
000000000000000000000000
start_draw_0:
000000000000000000000000
000000000000000000000000
000000000000000000000000
000000000000000000000000
000000000000000000000000
000000000111111111100000
000000000111111111110000
000000000111100111110000
000000000111000000000000
000000000111000000000000
000000000110000000000000
000000000110000000000000
000000000110000000000000
000000000110000000000000
000000000110000000000000
000000000110000000000000
000000000110000000000000
000000000110000000000000
000000000110000000000000
000000000111111111100000
000000000111111111110000
000000000111110001110000
000000000111000000111000
000000000000000000111000
000000000000000000011000
000000000000000000011100
000000000000000000011100
000000000011110000011100
000000000011111111111000
000000000000111111111000
000000000000000011000000
000000000000000000000000
000000000000000000000000
000000000000000000000000
000000000000000000000000
000000000000000000000000
start_draw_0:
000000000000000000000000
000000000000000000000000
000000000000000000000000
000011111111111100000000
000111111111111100000000
000111100000000000000000
000110000000000000000000
001110000000000000000000
001110000000000000000000
001110000000000000000000
001110000000000000000000
001111111100000000000000
000111111111110000000000
000000011111111110000000
000000000001111111100000
000000000000001111110000
000000000000000011111000
000000000000000000111000
000000000000000000111100
000000000000000000011100
000000000000000000001100
000000000000000000001100
000000000000000000001100
000000000000000000001100
000000000000000000001100
000000000000000000001100
011100000000000000011100
011111111111111111111100
011111111111111111111100
000011111111111111000000
000000000000000000000000
000000000000000000000000
000000000000000000000000
000000000000000000000000
000000000000000000000000
000000000000000000000000
start_draw_0:
111111111111110000000000
111111111111110000000000
111000000000000000000000
110000000000000000000000
110000000000000000000000
110000000000000000000000
110000000000000000000000
111000000000000000000000
111000000000000000000000
111000000000000000000000
111000000000000000000000
011000000000000000000000
011000000000000000000000
011100000000000000000000
011100000000000000000000
011110000000111110000000
001110111111111111100000
001111111111111111110000
000111111000000011110000
000000000000000001110000
000000000000000000111000
000000000000000000111000
000000000000000000011000
000000000000000000011000
000000000000000000011000
000000000000000000011000
000011100000000000011000
000011111000000001111000
000011111111111111111000
000000111111111111110000
000000000000000000000000
000000000000000000000000
000000000000000000000000
000000000000000000000000
000000000000000000000000
000000000000000000000000
start_draw_0:
000000000000000000000000
000000000000000000000000
000000000000000000000000
000000000000000000000000
000000011111111111000000
000000111111111111000000
000000111100000000000000
000000111000000000000000
000000111000000000000000
000000110000000000000000
000000110000000000000000
000000110000000000000000
000000110000000000000000
000000110000000000000000
000000110000000000000000
000000110000000000000000
000000110000000000000000
000000110000000000000000
000000111111111100000000
000000111111111111000000
000000011110001111000000
000000000000000011100000
000000000000000011100000
000000000000000001100000
000000000000000001100000
000000000000000001100000
000000000000000001110000
000000000000000001110000
000000000000000001110000
000000000000000001110000
000000000000000001110000
000000011111111111110000
000000011111111111100000
000000000000000000000000
000000000000000000000000
000000000000000000000000
start_draw_0:
000011000000000000000000
000011111111111000000000
000011111111111000000000
000011000000011000000000
000011000000000000000000
000011000000000000000000
000011000000000000000000
000011000000000000000000
000011000000000000000000
000011000000000000000000
000011000000000000000000
000011000000000000000000
000011111111110000000000
000011111111111000000000
000011110001111000000000
000000000000111100000000
000000000000011100000000
000000000000001110000000
000000000000001110000000
000000000000000110000000
000000000000000110000000
000000000000000111000000
000000000000000111000000
000000000000000111000000
000000000000000110000000
000000000000001110000000
000001110011111110000000
000001111111111100000000
000001111111110000000000
000000000000000000000000
000000000000000000000000
000000000000000000000000
000000000000000000000000
000000000000000000000000
000000000000000000000000
000000000000000000000000
start_draw_0:
000000000000000000000000
000000000000000000000000
000000000000000000000000
000000000000000000000000
000000000000000000000000
000000000000111111100000
000000000111111111100000
000000011111111000000000
000000011110000000000000
000000011000000000000000
000000011000000000000000
000000011000000000000000
000000011000000000000000
000000011000000000000000
000000011000000000000000
000000011000000000000000
000000011000000000000000
000000011111111111000000
000000011111111111100000
000000001111000111110000
000000000000000011110000
000000000000000001111000
000000000000000000111000
000000000000000000111100
000000000000000000011100
000000000000000000011100
000000000000000000011100
000000111111111111111100
000000111111111111111100
000000000000000000000000
000000000000000000000000
000000000000000000000000
000000000000000000000000
000000000000000000000000
000000000000000000000000
000000000000000000000000
start_draw_0:
000000000000000000000000
000000000000000000000000
000000000000000000000000
000000111111100000000000
001111111111100000000000
001111111100000000000000
001100000000000000000000
011100000000000000000000
011100000000000000000000
011100000000000000000000
011000000000000000000000
011000000000000000000000
011000000000000000000000
011000000000000000000000
011000000000000000000000
011000000000000000000000
011011110000000000000000
011111111000000000000000
011111111100000000000000
011100011100000000000000
000000001110000000000000
000000001110000000000000
000000000111000000000000
000000000111000000000000
000000000011000000000000
000000000011000000000000
000000000011100000000000
000000000111100000000000
001111111111100000000000
001111111111000000000000
000000000000000000000000
000000000000000000000000
000000000000000000000000
000000000000000000000000
000000000000000000000000
000000000000000000000000
start_draw_0:
000000000000000000000000
000000000000000000000000
000000000000000000000000
000000000000000000000000
000000000000000000000000
000000000000000000000000
000000000000000000000000
000000001111111000000000
000000001111111111110000
000000011100111111110000
000000011100000000000000
000000011100000000000000
000000011000000000000000
000000111000000000000000
000000111000000000000000
000000111000000000000000
000000110000000000000000
000000110000000000000000
000000110000000000000000
000000110000000000000000
000000110000000000000000
000000110000000000000000
000000110000000000000000
000000110000000000000000
000000111111111000000000
000000111111111110000000
000000110000111111000000
000000000000001111100000
000000000000000111100000
000000000000000011110000
000111111111111111110000
000111111111111111110000
000001111111111111000000
000000000000000000000000
000000000000000000000000
000000000000000000000000
start_draw_0:
000000000000000000000000
000000000001111000000000
000000000111111110000000
000000011111111110000000
000001111111000000000000
000001111000000000000000
000001111100000000000000
000000011100000000000000
000000011100000000000000
000000111000000000000000
000000111000000000000000
000000111000000000000000
000000110000000000000000
000001110000000000000000
000001110000000000000000
000001110000000000000000
000001110000000000000000
000001110000000000000000
000001111111100000000000
000001111111111100000000
000000000001111100000000
000000000000011110000000
000000000000001111000000
000000000000000111000000
000000000000000011000000
000000000000000011100000
000000000000000011100000
000000000000000011100000
000000111110000011100000
000000111111111111100000
000000000111111111000000
000000000001111110000000
000000000000000000000000
000000000000000000000000
000000000000000000000000
000000000000000000000000
start_draw_0:
000000111111111111111100
000000111111111111111100
000000011110000000000000
000000001110000000000000
000000001110000000000000
000000001100000000000000
000000001100000000000000
000000001100000000000000
000000001100000000000000
000000001100000000000000
000000001100000000000000
000000001100000000000000
000000001100000000000000
000000001100000000000000
000000001100000000000000
000000001100110000000000
000000001111111100000000
000000001111111110000000
000000001111001110000000
000000001110001111000000
000000000000000111000000
000000000000000011100000
000000000000000011100000
000000000000000011100000
000111100000000001100000
000111111100000001110000
000011111111100001110000
000000011111111111110000
000000000011111111110000
000000000000001111110000
000000000000000000000000
000000000000000000000000
000000000000000000000000
000000000000000000000000
000000000000000000000000
000000000000000000000000
start_draw_0:
000000000000000000000000
000000000000000000000000
000000000000000000000000
000000000000000000000000
000001111111111000000000
000111111111111000000000
000111111000000000000000
000111111000000000000000
000001110000000000000000
000001110000000000000000
000001110000000000000000
000001100000000000000000
000001100000000000000000
000001100000000000000000
000001100000000000000000
000001111111100000000000
000001111111110000000000
000000000011110000000000
000000000000111000000000
000000000000111000000000
000000000000011000000000
000000000000111000000000
000000000000111000000000
011000000001111000000000
011110000011110000000000
011111001111100000000000
001111111111000000000000
000011111100000000000000
000000000000000000000000
000000000000000000000000
000000000000000000000000
000000000000000000000000
000000000000000000000000
000000000000000000000000
000000000000000000000000
000000000000000000000000
start_draw_0:
000000000000000000000000
000000000000000000000000
000000000000000000000000
000000000000000000000000
000000000000000000000000
000000000000001111100000
000000000111111111100000
000000000111111110000000
000000000111100000000000
000000000001100000000000
000000000001100000000000
000000000011100000000000
000000000011100000000000
000000000011100000000000
000000000011000000000000
000000000011110000000000
000000000011111100000000
000000000001111111000000
000000000000011111110000
000000000000000011111000
000000000000000001111100
000000000000000000011100
000000000000000000011100
000000000000000000001100
000000000000000000001100
000000000000000000001100
000000011110000000011100
000000011111111111111100
000000001111111111111100
000000000000000111110000
000000000000000000000000
000000000000000000000000
000000000000000000000000
000000000000000000000000
000000000000000000000000
000000000000000000000000
start_draw_0:
000000000000000000000000
000000000000000000000000
000000000000000000000000
000000000000000000000000
011111111111000000000000
111111111111000000000000
111111111111000000000000
111000000000000000000000
111000000000000000000000
111000000000000000000000
011000000000000000000000
011000000000000000000000
011000000000000000000000
011000000000000000000000
011000000000000000000000
011000000000000000000000
011100000000000000000000
011100011111100000000000
011101111111110000000000
001111111111111000000000
001111100000111100000000
000000000000011100000000
000000000000001100000000
000000000000001110000000
000000000000001110000000
000000000000001110000000
000000000000001110000000
000000000000011100000000
000000000001111100000000
000000011111111000000000
000001111111100000000000
000001111100000000000000
000000000000000000000000
000000000000000000000000
000000000000000000000000
000000000000000000000000
start_draw_0:
000000000000000000000000
000000000000000000000000
000000000000000000000000
000000000000000000000000
000000000000000000000000
000000000000000011110000
000000000011111111110000
000000011111111111110000
000000011111000000000000
000000111000000000000000
000000111000000000000000
000001110000000000000000
000001110000000000000000
000001110000000000000000
000001100000000000000000
000011100000000000000000
000011111111100000000000
000011111111111100000000
000011100001111110000000
000000000000011111000000
000000000000001111000000
000000000000000111100000
000000000000000011100000
000000000000000001100000
000000000000000001100000
000000000000000001100000
000000011100000111100000
000000011111111111100000
000000011111111111000000
000000000000000000000000
000000000000000000000000
000000000000000000000000
000000000000000000000000
000000000000000000000000
000000000000000000000000
000000000000000000000000
start_draw_0:
000000000000000000000000
000000000000000000000000
000000000000000000000000
000000111111000000000000
001111111111000000000000
001111111000000000000000
001110000000000000000000
000110000000000000000000
000110000000000000000000
000110000000000000000000
000110000000000000000000
000110000000000000000000
000110000000000000000000
000110000000000000000000
000110000000000000000000
000110000000000000000000
000110000000000000000000
000110111111000000000000
000111111111110000000000
000111111011110000000000
000111100000111000000000
000111000000111000000000
000000000000011000000000
000000000000011000000000
000000000000011000000000
000000000000111000000000
001110000011111000000000
001111111111111000000000
001111111111100000000000
000000000000000000000000
000000000000000000000000
000000000000000000000000
000000000000000000000000
000000000000000000000000
000000000000000000000000
000000000000000000000000
start_draw_0:
000000000000000000000000
000000000000000000000000
000000000000000000000000
000000000000000000000000
000000000000000000000000
000000001111111111111110
000000001111111111111110
000001111110000000000000
000001110000000000000000
000001110000000000000000
000000110000000000000000
000000110000000000000000
000000111000000000000000
000000111000000000000000
000000011100000000000000
000000011100111111100000
000000011111111111110000
000000001111111001111000
000000000000000000111100
000000000000000000011100
000000000000000000011100
000000000000000000001100
000000000000000000001100
000000000000000000001100
000000000000000000001100
000000000000000000001100
000000000000000000011100
000000000111100000011100
000000000111111001111100
000000000011111111111000
000000000000111111110000
000000000000000000000000
000000000000000000000000
000000000000000000000000
000000000000000000000000
000000000000000000000000
start_draw_0:
000000000000000000000000
000000000000000000000000
000000000000000000000000
000000000000000000000000
000000000000000000000000
000000000000000000000000
000000000111111111110000
000000001111111111110000
000000001111000000000000
000000000111000000000000
000000000111000000000000
000000000111000000000000
000000000110000000000000
000000000110000000000000
000000000110000000000000
000000000110000000000000
000000000110000000000000
000000000110111111100000
000000000111111111111000
000000000111110001111000
000000000000000000011100
000000000000000000011100
000000000000000000001100
000000000000000000001100
000000000000000000001100
000000000000000000001100
000000000000000000001100
000000000000011100011100
000000000000011111011100
000000000000011111111100
000000000000000111111000
000000000000000000000000
000000000000000000000000
000000000000000000000000
000000000000000000000000
000000000000000000000000
start_draw_0:
000000000000000000000000
000000000000000000000000
000000011111111100000000
000001111111111100000000
000001111100011100000000
000001111000000000000000
000001110000000000000000
000011100000000000000000
000011100000000000000000
000011000000000000000000
000111000000000000000000
000111000000000000000000
000111000000000000000000
000111111111111000000000
000111111111111111000000
000111110000111111110000
000000000000000011110000
000000000000000000110000
000000000000000000111000
000000000000000000111000
000000000000000001110000
000000000000000001110000
000000000000000111110000
000000000000001111100000
000001111111111111000000
000001111111111100000000
000000000000000000000000
000000000000000000000000
000000000000000000000000
000000000000000000000000
000000000000000000000000
000000000000000000000000
000000000000000000000000
000000000000000000000000
000000000000000000000000
000000000000000000000000
start_draw_0:
000000000000000000000000
000000000000000000000000
000000000000000000000000
000000000000000000000000
000000000000000000000000
000000011111111111100000
000000011111111111100000
000000011100000000000000
000000111000000000000000
000000111000000000000000
000000111000000000000000
000000110000000000000000
000000110000000000000000
000000111111111100000000
000000111111111111100000
000000000000011111100000
000000000000000011110000
000000000000000001110000
000000000000000000110000
000000000000000000110000
000000000000000000110000
000000000000000000110000
000000000000000001110000
000000000000000011110000
000000001110000111100000
000000001111111111100000
000000000111111110000000
000000000000000000000000
000000000000000000000000
000000000000000000000000
000000000000000000000000
000000000000000000000000
000000000000000000000000
000000000000000000000000
000000000000000000000000
000000000000000000000000
start_draw_0:
000000000000000000000000
000000000000000000000000
000000001111100000000000
000001111111110000000000
000001111111110000000000
000000111000000000000000
000000110000000000000000
000001110000000000000000
000001110000000000000000
000001110000000000000000
000001110000000000000000
000001110000000000000000
000001110000000000000000
000001110000000000000000
000001111111110000000000
000001111111111000000000
000001111101111100000000
000000000000011100000000
000000000000011100000000
000000000000001100000000
000000000000001100000000
001100000000001100000000
001111100000001100000000
001111111111111100000000
000001111111111100000000
000000000000000000000000
000000000000000000000000
000000000000000000000000
000000000000000000000000
000000000000000000000000
000000000000000000000000
000000000000000000000000
000000000000000000000000
000000000000000000000000
000000000000000000000000
000000000000000000000000
start_draw_0:
000000000000000000000000
000000000000000000000000
000000000000000000000000
000000000000000000000000
000000000000000000000000
000000000000000000000000
000000000000000000000000
000000111111111111110000
000000111111111111110000
000000111000000000000000
000000111000000000000000
000000110000000000000000
000000110000000000000000
000000110000000000000000
000000110000000000000000
000000110000000000000000
000000111111111110000000
000000111111111111000000
000000000000011111110000
000000000000000011110000
000000000000000001110000
000000000000000000110000
000000000000000000110000
000000000000000000110000
000000000000000011110000
000000000111111111110000
000000000111111111000000
000000000000000000000000
000000000000000000000000
000000000000000000000000
000000000000000000000000
000000000000000000000000
000000000000000000000000
000000000000000000000000
000000000000000000000000
000000000000000000000000
start_draw_0:
000000000000000000000000
000000000000000000000000
000000000000000000000000
000000000000000000000000
000000000001111111000000
000000000001111111000000
000000000001111000000000
000000000000111000000000
000000000001111000000000
000000000001110000000000
000000000001110000000000
000000000011100000000000
000000000011100000000000
000000000011100000000000
000000000011000000000000
000000000111000011000000
000000000111111111110000
000000000111111111111000
000000000111110000111000
000000000111000000011100
000000000000000000011100
000000000000000000011100
000000000000000000011100
000000111111100000111100
000000111111111111111000
000000000011111111111000
000000000000000000000000
000000000000000000000000
000000000000000000000000
000000000000000000000000
000000000000000000000000
000000000000000000000000
000000000000000000000000
000000000000000000000000
000000000000000000000000
000000000000000000000000
start_draw_0:
000000000000000000000000
000000000111111000000000
000011111111111000000000
000111111111000000000000
000111110000000000000000
000001100000000000000000
000011100000000000000000
000011100000000000000000
000011100000000000000000
000011100000000000000000
000011000000000000000000
000011000000000000000000
000011000000000000000000
000011111110000000000000
000011111111100000000000
000011111111110000000000
000000000001110000000000
000000000000111000000000
000000000000111000000000
000000000000111000000000
000000000000110000000000
000000000001110000000000
000000000011110000000000
000000111111100000000000
000000111111000000000000
000000000000000000000000
000000000000000000000000
000000000000000000000000
000000000000000000000000
000000000000000000000000
000000000000000000000000
000000000000000000000000
000000000000000000000000
000000000000000000000000
000000000000000000000000
000000000000000000000000
start_draw_0:
000000000000000000000000
000000000000000000000000
000000000000000000000000
011111111111111000000000
011111111111111000000000
011110000000000000000000
001110000000000000000000
001100000000000000000000
001100000000000000000000
001100000000000000000000
001100000000000000000000
001100000000000000000000
001100000000000000000000
001111111111110000000000
001111111111111000000000
001111100001111000000000
000000000000011100000000
000000000000011100000000
000000000000001100000000
000000000000001100000000
001111000000011100000000
001111111101111100000000
000111111111111000000000
000000111111110000000000
000000000000000000000000
000000000000000000000000
000000000000000000000000
000000000000000000000000
000000000000000000000000
000000000000000000000000
000000000000000000000000
000000000000000000000000
000000000000000000000000
000000000000000000000000
000000000000000000000000
000000000000000000000000
start_draw_0:
000000000000000000000000
000000000000000000000000
000000000000000000000000
000000000000000000000000
000000000000000000000000
000000000000000000000000
000001100000000000000000
000001111111111111000000
000001111111111111000000
000001111100000000000000
000001100000000000000000
000001100000000000000000
000001100000000000000000
000001100000000000000000
000001100000000000000000
000001100000000000000000
000001111111111110000000
000001111111111110000000
000000111000001111000000
000000000000000111100000
000000000000000011100000
000000000000000001100000
000000000000000001100000
111000000000000001100000
111110000000000011100000
011111000000000011100000
001111110000000011000000
000011111100001111000000
000000111111111111000000
000000001111111100000000
000000000000000000000000
000000000000000000000000
000000000000000000000000
000000000000000000000000
000000000000000000000000
000000000000000000000000
start_draw_0:
000000000000000000000000
000000000000000000000000
000000000000000000000000
011001111111100000000000
011111111111100000000000
011111111000000000000000
011110000000000000000000
011000000000000000000000
011000000000000000000000
011000000000000000000000
011000000000000000000000
011111111100000000000000
011111111111000000000000
011111111111100000000000
001110000111100000000000
000000000011100000000000
000000000001100000000000
000000000001100000000000
000000000001100000000000
000000000001100000000000
000000000011100000000000
000000000011100000000000
000000000111000000000000
000000000111000000000000
001100011110000000000000
001111111110000000000000
001111111100000000000000
000111110000000000000000
000000000000000000000000
000000000000000000000000
000000000000000000000000
000000000000000000000000
000000000000000000000000
000000000000000000000000
000000000000000000000000
000000000000000000000000
start_draw_0:
000000000000000000000000
000000000000000000000000
000000000000000000000000
000000000000000000000000
000000000000000000000000
000000000000000000000000
000000000000000000000000
000000000001111111000000
000000000011111111110000
000000000011111111110000
000000000011100000000000
000000000011100000000000
000000000011100000000000
000000000011100000000000
000000000011100000000000
000000000001100001110000
000000000001111111111000
000000000001111111111000
000000000000000000111000
000001111100000000011000
000001111111100000111000
000000011111111111111000
000000000001111111111000
000000000000000011110000
000000000000000000000000
000000000000000000000000
000000000000000000000000
000000000000000000000000
000000000000000000000000
000000000000000000000000
000000000000000000000000
000000000000000000000000
000000000000000000000000
000000000000000000000000
000000000000000000000000
000000000000000000000000
start_draw_0:
000000000000000000000000
000000000000000000000000
000000000000111111111110
000000000000111111111110
000000000000111000000000
000000000000111000000000
000000000000110000000000
000000000001110000000000
000000000001110011111000
000000000001111111111100
000000000001111111111100
000000000000011100011100
000000000000000000001100
000000000000000000001100
000000000000111000111100
000000000000111111111100
000000000000111111111000
000000000000000000000000
000000000000000000000000
000000000000000000000000
000000000000000000000000
000000000000000000000000
000000000000000000000000
000000000000000000000000
000000000000000000000000
000000000000000000000000
000000000000000000000000
000000000000000000000000
000000000000000000000000
000000000000000000000000
000000000000000000000000
000000000000000000000000
000000000000000000000000
000000000000000000000000
000000000000000000000000
000000000000000000000000
start_draw_0:
000000000000000000000000
000000000000000000000000
000000000000000000000000
000000000000000000000000
000000000000000000000000
000000000000000000000000
000000000000000000000000
000000000000000000000000
000000000000000000000000
000000000000000000000000
000000000000000000000000
000000000000000000000000
000000000000000000000000
000000000000000000000000
000000000000000000000000
000000000000000000000000
000000000000000000000000
000000000000000000000000
000000000000000000000000
000000000000111111110000
000000000011111111110000
000000000011111111110000
000000000001100000000000
000000000011100000000000
000000000011100000000000
000000000011111111100000
000000000011111111100000
000000000000000000011000
000000000011000000011000
000000000011100000011100
000000000011110000011100
000000000001111100011100
000000000000111111111100
000000000000011111111100
000000000000000000000000
000000000000000000000000
start_draw_0:
000000000000000000000000
000000000000000000000000
000000000000000000000000
000000000000000000000000
000000000000000000000000
000000000000000000000000
000000000000000000000000
000000000000000000000000
000000000000000000000000
000000000000000000000000
000000000000000000000000
000000000000000000000000
000011100000000000000000
011111100000000000000000
111111000000000000000000
111000000000000000000000
111000000000000000000000
011000000000000000000000
011000000000000000000000
011011111110000000000000
011111111111000000000000
011111111111000000000000
000000000011000000000000
000000000111000000000000
000000001111000000000000
000000011110000000000000
011111111100000000000000
011111111000000000000000
000000000000000000000000
000000000000000000000000
000000000000000000000000
000000000000000000000000
000000000000000000000000
000000000000000000000000
000000000000000000000000
000000000000000000000000
start_draw_0:
000000000000000000000000
000000000000000000000000
000000000000000000000000
000000001111100000000000
000001111111100000000000
000011111110000000000000
000011100000000000000000
000011000000000000000000
000111000000000000000000
000111000000000000000000
000111000000000000000000
000111111100000000000000
000111111111000000000000
000011111111110000000000
000000000011110000000000
000000000001111000000000
000000000000111000000000
000000000000111000000000
000000000000111000000000
000111110001111000000000
000111111111111000000000
000001111111110000000000
000000000000000000000000
000000000000000000000000
000000000000000000000000
000000000000000000000000
000000000000000000000000
000000000000000000000000
000000000000000000000000
000000000000000000000000
000000000000000000000000
000000000000000000000000
000000000000000000000000
000000000000000000000000
000000000000000000000000
000000000000000000000000
start_draw_0:
000000000000000000000000
000000000000000000000000
000000000111111111111110
000000111111111111111110
000000111111100000000000
000000110000000000000000
000000110000000000000000
000000110000000000000000
000000110000000000000000
000000110000000000000000
000000110000000000000000
000000110000000000000000
000000110000000000000000
000000110000000000000000
000000110000000000000000
000000110000000000000000
000000111000000000000000
000000111000000000000000
000000111000000000000000
000000011111111111111100
000000011111111111111110
000000011111000000001110
000000001110000000001110
011100000000000000001110
011110000000000000001110
001111000000000000001110
000111110000000000011100
000011111000000000111100
000001111100000000111000
000000011111000011111000
000000001111110111110000
000000000111111111100000
000000000001111111000000
000000000000000000000000
000000000000000000000000
000000000000000000000000
start_draw_0:
000000000011111000000000
000111111111111000000000
000111111111100000000000
000111000000000000000000
000110000000000000000000
000110000000000000000000
000110000000000000000000
000110000000000000000000
000111111100000000000000
000111111110000000000000
000111011111100000000000
000000000111110000000000
000000000011111000000000
000000000000111000000000
000000000000011100000000
000000000000011110000000
000000000000001110000000
000000000000001110000000
000000000000000110000000
000000000000001110000000
000000000000011110000000
000000000011111100000000
000111111111111000000000
000111111111100000000000
000000000000000000000000
000000000000000000000000
000000000000000000000000
000000000000000000000000
000000000000000000000000
000000000000000000000000
000000000000000000000000
000000000000000000000000
000000000000000000000000
000000000000000000000000
000000000000000000000000
000000000000000000000000
start_draw_0:
000000000000000000000000
000000000000000000000000
000000000000000000000000
000000000000000000000000
000000000000111111000000
000000001111111111000000
000000001111111000000000
000000011111000000000000
000000011100000000000000
000000001100000000000000
000000001100000000000000
000000001100000000000000
000000001100000000000000
000000001111111100000000
000000001111111111100000
000000001111111111110000
000000000000000011110000
000000000000000000111000
000000000000000000111000
000000000000000000011000
000000000000000000111000
000111000000000000111000
000111111100001111111000
000011111111111111110000
000000111111111110000000
000000000000000000000000
000000000000000000000000
000000000000000000000000
000000000000000000000000
000000000000000000000000
000000000000000000000000
000000000000000000000000
000000000000000000000000
000000000000000000000000
000000000000000000000000
000000000000000000000000
start_draw_0:
000000000000000011111000
000000000000011111111000
000000000000011111100000
000000000000001100000000
000000000000001100000000
000000000000001100000000
000000000000001100000000
000000000000001100000000
000000000000001111111000
000000000000001111111100
000000000000001111011100
000000000000000000011100
000000000000000000001100
000000000000000000001110
000000000000000000001110
000000000001111111011100
000000000001111111111100
000000000000001111111000
000000000000000000000000
000000000000000000000000
000000000000000000000000
000000000000000000000000
000000000000000000000000
000000000000000000000000
000000000000000000000000
000000000000000000000000
000000000000000000000000
000000000000000000000000
000000000000000000000000
000000000000000000000000
000000000000000000000000
000000000000000000000000
000000000000000000000000
000000000000000000000000
000000000000000000000000
000000000000000000000000
start_draw_0:
000000000000000000000000
000000000000000000000000
000000000000000000000000
000000000000000000000000
000000000000000000000000
000011111111111110000000
000011111111111110000000
000011110000000000000000
000001100000000000000000
000001100000000000000000
000001100000000000000000
000001100000000000000000
000001100000000000000000
000001111110000000000000
000001111111111000000000
000000111111111110000000
000000000000111111000000
000000000000001111100000
000000000000000111100000
000000000000000011110000
000000000000000001110000
110000000000000001110000
111110000000000001110000
111111111110001111110000
001111111111111111100000
000000011111111110000000
000000000000000000000000
000000000000000000000000
000000000000000000000000
000000000000000000000000
000000000000000000000000
000000000000000000000000
000000000000000000000000
000000000000000000000000
000000000000000000000000
000000000000000000000000
start_draw_0:
000000000000000000000000
000000000000000000000000
000000000000000000000000
000000000000000000000000
000000000000000000000000
000000000000000000000000
000000000000000000000000
000000000000000000000000
000000000000000000000000
000000000000000000000000
000000000000000000000000
000000001111111111100000
000000011111111111100000
000000011111000000000000
000000000111000000000000
000000000111000000000000
000000000110000000000000
000000000110000000000000
000000001110000000000000
000000001110000000000000
000000001111111111000000
000000001111111111110000
000000001111000111111000
000000001110000000111000
000000000000000000011100
000000000000000000011100
001110000000000001111100
001111111111111111111000
001111111111111111100000
000001111111110000000000
000000000000000000000000
000000000000000000000000
000000000000000000000000
000000000000000000000000
000000000000000000000000
000000000000000000000000
start_draw_0:
000000000000000000000000
000000000000000000000000
011111111100000000000000
011111111100000000000000
011111000000000000000000
000011000000000000000000
000111000000000000000000
000111000000000000000000
000111000000000000000000
000111000000000000000000
000111000000000000000000
000111111110000000000000
000111111111000000000000
000111101111000000000000
000000000011000000000000
000000000011000000000000
000000000011000000000000
000000001111000000000000
000011111111000000000000
000011111110000000000000
000001100000000000000000
000000000000000000000000
000000000000000000000000
000000000000000000000000
000000000000000000000000
000000000000000000000000
000000000000000000000000
000000000000000000000000
000000000000000000000000
000000000000000000000000
000000000000000000000000
000000000000000000000000
000000000000000000000000
000000000000000000000000
000000000000000000000000
000000000000000000000000
start_draw_0:
000000000000000000000000
000000000000000000000000
000000000000000000000000
000000000000000000000000
000000000000000000000000
000000000000000000000000
000000011111111111110000
000000011111111111110000
000000000011000000000000
000000000111000000000000
000000000111000000000000
000000000111000000000000
000000000110000000000000
000000001110000000000000
000000001110000000000000
000000001111111110000000
000000001111111111100000
000000001111001111110000
000000000000000011111000
000000000000000000111100
000000000000000000011100
000000000000000000011100
000000001110000001111100
000000001111111111111000
000000001111111111110000
000000000000000000000000
000000000000000000000000
000000000000000000000000
000000000000000000000000
000000000000000000000000
000000000000000000000000
000000000000000000000000
000000000000000000000000
000000000000000000000000
000000000000000000000000
000000000000000000000000
start_draw_0:
000000000000000000000000
000000000000000000000000
000000000000000000000000
000000000000000000000000
000000000000000000000000
000000000000000000000000
000000000000000000000000
000000000000111111000000
000000000111111111000000
000000001111111000000000
000000001110000000000000
000000001100000000000000
000000001100000000000000
000000001100000000000000
000000001111100000000000
000000001111111110000000
000000000111111111000000
000000000000001111110000
000000000000000011111100
000000000000000000111100
000000000000000000011110
000000000000000000001110
000000110000000000000110
000000111110000000000110
000000111111100000011110
000000001111111111111110
000000000011111111111000
000000000000000111110000
000000000000000000000000
000000000000000000000000
000000000000000000000000
000000000000000000000000
000000000000000000000000
000000000000000000000000
000000000000000000000000
000000000000000000000000
start_draw_0:
000000000000000000000000
000000000000000000000000
000000000000000000000000
000001111000000000000000
000001111111111100000000
000001111111111111111100
000011100000111111111100
000011100000000000011100
000011100000000000000000
000011000000000000000000
000011000000000000000000
000011000000000000000000
000011000000000000000000
000011000110000000000000
000011111111110000000000
000011111111111110000000
000000000000111111000000
000000000000000111100000
000000000000000011100000
000000000000000011110000
000000000000000001110000
000000000000000000110000
000000000000000000110000
000000110000000001110000
000000111110000111110000
000000111111111111100000
000000001111111111000000
000000000000000000000000
000000000000000000000000
000000000000000000000000
000000000000000000000000
000000000000000000000000
000000000000000000000000
000000000000000000000000
000000000000000000000000
000000000000000000000000