start_draw_0:
000000000000000000000000
000000000000000000000000
000000000000000000000000
000000000000000000000000
000000000000000000000000
000000000000111110000000
000000000001111111000000
000000000001111111000000
000000000011110111000000
000000000011101111000000
000000000111001111000000
000000000111011111000000
000000000111111111000000
000000000111111111000000
000000000011110110000000
000000000000001110000000
000000000000001110000000
000000000000001110000000
000000000000011100000000
000000000000011100000000
000000000000011100000000
000000000000011000000000
000000000000111000000000
000000000000111000000000
000000000000111000000000
000000000000110000000000
000000000000110000000000
000000000000110000000000
000000000000000000000000
000000000000000000000000
000000000000000000000000
000000000000000000000000
000000000000000000000000
000000000000000000000000
000000000000000000000000
000000000000000000000000
start_draw_0:
000000111100000000000000
000001111110000000000000
000011111111110000000000
000011101111110000000000
000011101111110000000000
000011000001110000000000
000011000011100000000000
000111000111100000000000
000111000111100000000000
000111001111100000000000
000111011111100000000000
000111111111100000000000
000011111011100000000000
000000000011100000000000
000000000011100000000000
000000000011100000000000
000000000011100000000000
000000000011100000000000
000000000011100000000000
000000000011100000000000
000000000011100000000000
000000000011100000000000
000000000011100000000000
000000000011100000000000
000000000011100000000000
000000000011100000000000
000000000011100000000000
000000000000000000000000
000000000000000000000000
000000000000000000000000
000000000000000000000000
000000000000000000000000
000000000000000000000000
000000000000000000000000
000000000000000000000000
000000000000000000000000
start_draw_0:
000000000000000000000000
000000000001111000000000
000000000011111100000000
000000000011111111100000
000000000111101111100000
000000000111000111100000
000000001110000011100000
000000001110000011100000
000000001100000011100000
000000001100000011100000
000000001100000111100000
000000011100000111100000
000000011110001111000000
000000001111111111000000
000000000111111110000000
000000000000001110000000
000000000000001110000000
000000000000001110000000
000000000000001100000000
000000000000001100000000
000000000000001100000000
000000000000001100000000
000000000000001100000000
000000000000001100000000
000000000000001100000000
000000000000001100000000
000000000000001100000000
000000000000001100000000
000000000000000000000000
000000000000000000000000
000000000000000000000000
000000000000000000000000
000000000000000000000000
000000000000000000000000
000000000000000000000000
000000000000000000000000
start_draw_0:
000000000000000000000000
000000000000000000000000
000000000000000000000000
000000000000000000000000
000000011111100000000000
000000111111111000000000
000001111001111000000000
000011110000111000000000
000011100000111000000000
000111000000111000000000
000111000000111000000000
000111000000111000000000
001110000001111000000000
001110000001111000000000
001110000001111000000000
001110000111110000000000
001111111111100000000000
000111111111100000000000
000000000001100000000000
000000000011100000000000
000000000011100000000000
000000000011100000000000
000000000011000000000000
000000000011000000000000
000000000011000000000000
000000000011000000000000
000000000011000000000000
000000000000000000000000
000000000000000000000000
000000000000000000000000
000000000000000000000000
000000000000000000000000
000000000000000000000000
000000000000000000000000
000000000000000000000000
000000000000000000000000
start_draw_0:
000000000000000000000000
000000000000000000000000
000000000000000000000000
000000000000111111100000
000000000001111111100000
000000000011111011111000
000000000111110000111000
000000000111000000111000
000000001111000001111000
000000001110000001111000
000000001110000001110000
000000001111000111110000
000000000111111111100000
000000000011111111100000
000000000001110111000000
000000000000000111000000
000000000000000111000000
000000000000001110000000
000000000000001110000000
000000000000011100000000
000000000000011100000000
000000000000111000000000
000000000000111000000000
000000000001111000000000
000000000001110000000000
000000000011110000000000
000000000011100000000000
000000000111000000000000
000000000111000000000000
000000000111000000000000
000000000000000000000000
000000000000000000000000
000000000000000000000000
000000000000000000000000
000000000000000000000000
000000000000000000000000
start_draw_0:
000000000000000000000000
000000000000000000000000
000000000111000000000000
000000001111110000000000
000000001111111000000000
000000011110111000000000
000000011100111000000000
000000011101111000000000
000000111001111000000000
000000111111111000000000
000000111111111000000000
000000111111111000000000
000000111110111000000000
000000000000111000000000
000000000000110000000000
000000000000110000000000
000000000000110000000000
000000000000110000000000
000000000001110000000000
000000000001110000000000
000000000001110000000000
000000000011100000000000
000000000011100000000000
000000000011100000000000
000000000111000000000000
000000000111000000000000
000000000111000000000000
000000001110000000000000
000000001110000000000000
000000001110000000000000
000000001100000000000000
000000000000000000000000
000000000000000000000000
000000000000000000000000
000000000000000000000000
000000000000000000000000
start_draw_0:
000000000000000000000000
000000000000000000000000
000000000000110000000000
000000000001111000000000
000000000011111100000000
000000000011111111100000
000000000111001111100000
000000000111001111100000
000000000111001111100000
000000001110000111100000
000000001110000111100000
000000001110001111100000
000000001110001111100000
000000001111111111000000
000000000111111110000000
000000000000011100000000
000000000000011100000000
000000000000011100000000
000000000000111000000000
000000000000111000000000
000000000001111000000000
000000000001110000000000
000000000011110000000000
000000000011100000000000
000000000011100000000000
000000000111000000000000
000000000111000000000000
000000001110000000000000
000000001110000000000000
000000000000000000000000
000000000000000000000000
000000000000000000000000
000000000000000000000000
000000000000000000000000
000000000000000000000000
000000000000000000000000
start_draw_0:
000000000000000000000000
000000000000000000000000
000000000000000000000000
000000000000000000000000
000000111000000000000000
000011111110000000000000
000111111111000000000000
000111000111000000000000
001111000011000000000000
001110000011000000000000
011100000111000000000000
011100001111000000000000
011100111111000000000000
011111111111000000000000
011111111111000000000000
000111100111000000000000
000000000111000000000000
000000000111000000000000
000000000111000000000000
000000000111000000000000
000000000111000000000000
000000000111000000000000
000000000111000000000000
000000000111000000000000
000000000011000000000000
000000000011000000000000
000000000011100000000000
000000000011100000000000
000000000011100000000000
000000000000000000000000
000000000000000000000000
000000000000000000000000
000000000000000000000000
000000000000000000000000
000000000000000000000000
000000000000000000000000
start_draw_0:
000000000000000000000000
000000000000000000000000
000000000000000000000000
000000000001111111000000
000000000001111111000000
000000000001110001110000
000000000011100001110000
000000000011100001110000
000000000011100001110000
000000000011100011100000
000000000001110011100000
000000000001111011100000
000000000000111111100000
000000000000011111100000
000000000000000011000000
000000000000000011000000
000000000000000011100000
000000000000000011100000
000000000000000011100000
000000000000000001100000
000000000000000001100000
000000000000000001110000
000000000001100001110000
000000000001100001110000
000000000001100000110000
000000000001110000110000
000000000001111000110000
000000000000111100110000
000000000000011111110000
000000000000001111110000
000000000000000011110000
000000000000000000000000
000000000000000000000000
000000000000000000000000
000000000000000000000000
000000000000000000000000
start_draw_0:
000000000000000000000000
000000000001111000000000
000000000111111100000000
000000001111111110000000
000000001111001110000000
000000011100001111000000
000000011100000111000000
000000011100000111000000
000000011110000111000000
000000011111000111000000
000000001111111111000000
000000000011111111000000
000000000000001110000000
000000000000001100000000
000000000000001100000000
000000000000001100000000
000000110000001100000000
000000110000001100000000
000000110000001100000000
000000110000001100000000
000000110000001100000000
000000111000001100000000
000000111000001100000000
000000011100011100000000
000000011110011100000000
000000001111011100000000
000000001111111000000000
000000000011111000000000
000000000001110000000000
000000000000000000000000
000000000000000000000000
000000000000000000000000
000000000000000000000000
000000000000000000000000
000000000000000000000000
000000000000000000000000
start_draw_0:
000000000000000000000000
000000000000000000000000
000000000000000000000000
000000000000000000000000
000000000011111000000000
000000001111111100000000
000000011111011100000000
000000011110001110000000
000000111100001110000000
000000111000001110000000
000000111000011110000000
000000111000111110000000
000000111111111110000000
000000111111110110000000
000000011111100110000000
000000000000000110000000
000000000000000110000000
000000000000000110000000
000000011000000111000000
000000011000000111000000
000000011000000111000000
000000011000000011000000
000000011000000011000000
000000011100000011000000
000000011111000011100000
000000001111110011100000
000000000111111111100000
000000000001111111100000
000000000000000000000000
000000000000000000000000
000000000000000000000000
000000000000000000000000
000000000000000000000000
000000000000000000000000
000000000000000000000000
000000000000000000000000
start_draw_0:
000000000000000000000000
000000000000000000000000
000000000000000000000000
000000000000000000000000
000000000000110000000000
000000000011111110000000
000000000111111111000000
000000001111001111000000
000000011110001111000000
000000011100011110000000
000000011000111110000000
000000011111111100000000
000000011111111100000000
000000001111111000000000
000000000000111000000000
000000000000111000000000
000000000001110000000000
000000000001110000000000
000000000011100000000000
000000000011100000000000
000000000111000000000000
000000000111000000000000
000000001111000000000000
000000001110000000000000
000000001110000000000000
000000011100000000000000
000000011100000000000000
000000011000000000000000
000000111000000000000000
000000111000000000000000
000000000000000000000000
000000000000000000000000
000000000000000000000000
000000000000000000000000
000000000000000000000000
000000000000000000000000
start_draw_0:
000000000000000000000000
000000000000000000000000
000000000000000000000000
000000000000000000000000
000000000000000000000000
000000000000000000000000
000000000011110000000000
000000000111111000000000
000000001111111000000000
000000001111011100000000
000000011110011100000000
000000011100111100000000
000000011111111000000000
000000011111111000000000
000000000001110000000000
000000000001110000000000
000000000011100000000000
000000000011100000000000
000000000011100000000000
000000000111000000000000
000000000111000000000000
000000000111000000000000
000000001110000000000000
000000001110000000000000
000000011110000000000000
000000011100000000000000
000000111000000000000000
000000111000000000000000
000001110000000000000000
000001110000000000000000
000011100000000000000000
000011100000000000000000
000011100000000000000000
000011000000000000000000
000000000000000000000000
000000000000000000000000
start_draw_0:
000000000000000000000000
000001110000000000000000
000111111100000000000000
001111111110000000000000
001110011110000000000000
011110111110000000000000
011111111100000000000000
011111111100000000000000
011111101100000000000000
011110001100000000000000
011000011100000000000000
000000011100000000000000
000000011100000000000000
000000011000000000000000
000000011000000000000000
000000011000000000000000
000000011000000000000000
000000111000000000000000
000000111000000000000000
000000111000000000000000
000000110000000000000000
000001110000000000000000
000001110000000000000000
000001110000000000000000
000001100000000000000000
000011100000000000000000
000011100000000000000000
000011100000000000000000
000011000000000000000000
000000000000000000000000
000000000000000000000000
000000000000000000000000
000000000000000000000000
000000000000000000000000
000000000000000000000000
000000000000000000000000
start_draw_0:
000000000000000000000000
000000000000000000000000
000000000000000000000000
000000000000000000000000
000000000000111000000000
000000000011111110000000
000000000111111110000000
000000000111101110000000
000000001111001110000000
000000011110011110000000
000000011100011110000000
000000011001111110000000
000000011011111110000000
000000011111110110000000
000000011111000111000000
000000000000000111000000
000000000000000111000000
000000000000000011000000
000000000000000011000000
000000000000000011000000
000000000000000011000000
000000000000000011100000
000000000000000011100000
000000000000000011100000
000000000000000001100000
000000000000000001100000
000000000000000001100000
000000000000000001100000
000000000000000001100000
000000000000000000000000
000000000000000000000000
000000000000000000000000
000000000000000000000000
000000000000000000000000
000000000000000000000000
000000000000000000000000
start_draw_0:
000000000000000000000000
000000000000000000000000
000000000000000000000000
000000001111000000000000
000000011111110000000000
000000011111110000000000
000000111101111000000000
000000111000111000000000
000001110000111000000000
000001110000111000000000
000001100001111000000000
000001111111110000000000
000001111111110000000000
000000111111110000000000
000000000001110000000000
000000000001110000000000
000000000001100000000000
000000000001100000000000
000000000001100000000000
000000000001100000000000
000000000001100000000000
000000000001100000000000
000000000001100000000000
000000000001100000000000
000000000001100000000000
000000000001100000000000
000000000000000000000000
000000000000000000000000
000000000000000000000000
000000000000000000000000
000000000000000000000000
000000000000000000000000
000000000000000000000000
000000000000000000000000
000000000000000000000000
000000000000000000000000
start_draw_0:
000000000000000000000000
000000000000000000000000
000000000000000000000000
000000000000111100000000
000000000011111111000000
000000000111111111000000
000000000111100111000000
000000001111000011000000
000000001110000011110000
000000011100000001110000
000000011100000011110000
000000011000000111100000
000000111000000111100000
000000111000001111100000
000000111100011111100000
000000011111111111100000
000000001111111011100000
000000000000000011100000
000000000000000011000000
000000000000000011000000
000000000000000011000000
000000000000000011000000
000000000000000011000000
000000000000000011000000
000000000000000011000000
000000000000000011000000
000000000000000000000000
000000000000000000000000
000000000000000000000000
000000000000000000000000
000000000000000000000000
000000000000000000000000
000000000000000000000000
000000000000000000000000
000000000000000000000000
000000000000000000000000
start_draw_0:
000000000000000000000000
000000000000000000000000
000000000000000000000000
000000000000000000000000
000000000000000000000000
000000000000000000000000
000000011110000000000000
000000111110000000000000
000001111111000000000000
000001110111000000000000
000011110111000000000000
000011100111000000000000
000011000111000000000000
000011000111000000000000
000011000111000000000000
000011101111000000000000
000011111111000000000000
000001111111000000000000
000000000011000000000000
000000000011000000000000
000000000011000000000000
000000000011000000000000
000000000011000000000000
000000000011000000000000
000000000011000000000000
000000000000000000000000
000000000000000000000000
000000000000000000000000
000000000000000000000000
000000000000000000000000
000000000000000000000000
000000000000000000000000
000000000000000000000000
000000000000000000000000
000000000000000000000000
000000000000000000000000
start_draw_0:
000000000000000000000000
000000000000000000000000
000000000000000000000000
000000000000000000000000
000000000000000000000000
000000000000000000000000
000000000000111111000000
000000000001111111100000
000000000011110011110000
000000000111100001110000
000000000111000110000000
000000001111000110000000
000000011110001110000000
000000011100011110000000
000000011100111110000000
000000011111111100000000
000000011111111100000000
000000000000011100000000
000000000000011100000000
000000000000011000000000
000000000000111000000000
000000000000111000000000
000000000000111000000000
000000000000110000000000
000000000000110000000000
000000000000110000000000
000000000000110000000000
000000000001110000000000
000000000001110000000000
000000000001110000000000
000000000001110000000000
000000000000000000000000
000000000000000000000000
000000000000000000000000
000000000000000000000000
000000000000000000000000
start_draw_0:
000000000000000000000000
000000000000000000000000
000000000000000000000000
000000000000000000000000
000000000000000000000000
000000000000000000000000
000000000000000000000000
000011111111000000000000
000111111111110000000000
000111000111111000000000
001111000000111000000000
001110000000111000000000
001110000000111000000000
001100000001111000000000
001100000011111000000000
001100001111110000000000
001111111111110000000000
001111111101110000000000
000111100001110000000000
000000000001110000000000
000000000001100000000000
000000000001100000000000
000000000001100000000000
000000000011100000000000
000000000011100000000000
000000000011100000000000
000000000011000000000000
000000000011000000000000
000000000011000000000000
000000000011000000000000
000000000011000000000000
000000000000000000000000
000000000000000000000000
000000000000000000000000
000000000000000000000000
000000000000000000000000
start_draw_0:
000000000000000000000000
000000000000000000000000
000000000000000000000000
000000000000000000000000
000000000000000000000000
000000000000000000000000
000000000000000000000000
000000000000000000000000
000000000000000000000000
000000000000011111110000
000000000011111111111000
000000000011111101111000
000000000111100000111000
000000000111000001110000
000000000111000001110000
000000001110000001110000
000000001110000011100000
000000001110000111100000
000000001110011111100000
000000001111111111100000
000000000111111111000000
000000000000000111000000
000000000000000111000000
000000000000000111000000
000000000000000110000000
000000000000000110000000
000000000000001110000000
000000000000001110000000
000000000000001110000000
000000000000001110000000
000000000000001100000000
000000000000001100000000
000000000000000000000000
000000000000000000000000
000000000000000000000000
000000000000000000000000
start_draw_0:
000000000000000000000000
000000000000000000000000
000000000000000000000000
000000000000000000000000
000000000000000000000000
000000000000000000000000
000000000000000000000000
000000000000000000000000
000000000000000000000000
000000001111111110000000
000000011111111111000000
000000111110001111000000
000000111000001111000000
000000111001111111000000
000000111111111110000000
000000111111111110000000
000000000000011100000000
000000000000011100000000
000000000000011100000000
000000000000111000000000
000000000000111000000000
000000000000111000000000
000000000000110000000000
000000000001110000000000
000000000001110000000000
000000000001110000000000
000000000001100000000000
000000000001100000000000
000000000001100000000000
000000000001100000000000
000000000000000000000000
000000000000000000000000
000000000000000000000000
000000000000000000000000
000000000000000000000000
000000000000000000000000
start_draw_0:
000000000000000000000000
000000000000000000000000
000000000000000000000000
000000000000000000000000
000000000000000000000000
000000000111111111000000
000000111111111111000000
000001111111111111000000
000001110000011111000000
000001110001111111000000
000001111111111111000000
000000111111110111000000
000000000000000111000000
000000000000000110000000
000000000000001110000000
000000000000001110000000
000000000000001110000000
000000000000001100000000
000000000000011100000000
000000000000011100000000
000000000000011000000000
000000000000111000000000
000000000000111000000000
000000000000110000000000
000000000000110000000000
000000000000110000000000
000000000000000000000000
000000000000000000000000
000000000000000000000000
000000000000000000000000
000000000000000000000000
000000000000000000000000
000000000000000000000000
000000000000000000000000
000000000000000000000000
000000000000000000000000
start_draw_0:
000000000000000000000000
000000000000000000000000
000000000000000000000000
000000000000000000000000
000000000000000000000000
000000000000000000000000
000000000000000000000000
000000000000000000000000
000000000000000000000000
000000000000000000000000
000000000001111110000000
000000000011111111000000
000000000111101111000000
000000000111000011000000
000000001110000000011000
000000001110000000111000
000000001100000000111000
000000001110000001111000
000000001111111111110000
000000000111111111110000
000000000011111111100000
000000000000000011100000
000000000000000011100000
000000000000000111000000
000000000000000111000000
000000000000000111000000
000000000000000111000000
000000000000000110000000
000000000000000110000000
000000000000001110000000
000000000000001110000000
000000000000001110000000
000000000000001100000000
000000000000000000000000
000000000000000000000000
000000000000000000000000
start_draw_0:
000000000000000000000000
000000000000000000000000
000000000000000000000000
000000000000000000000000
000000000000000000000000
000000000000000000000000
000000000000000000000000
111111111111000000000000
111111111111000000000000
111000000111000000000000
110000000111000000000000
111000000111000000000000
111100000111000000000000
011111000111000000000000
011111110111000000000000
000111111111000000000000
000001111111100000000000
000000000011100000000000
000000000001100000000000
000000000001110000000000
000000000001110000000000
000000000000111000000000
000000000000111000000000
000000000000111100000000
000000000000011100000000
000000000000011100000000
000000000000001100000000
000000000000000000000000
000000000000000000000000
000000000000000000000000
000000000000000000000000
000000000000000000000000
000000000000000000000000
000000000000000000000000
000000000000000000000000
000000000000000000000000
start_draw_0:
000000000000000000000000
000000000000000000000000
000000000000000000000000
000000000000000000000000
000000000011110000000000
000000011111111100000000
000000111111111100000000
000000111100000011000000
000001111000000011000000
000001110000000011000000
000011100000000111000000
000011100000000111000000
000011100000001111000000
000011100000111110000000
000011111111111110000000
000001111111110110000000
000000001110000110000000
000000000000000110000000
000000000000000110000000
000000000000000110000000
000000000000000110000000
000000000000000110000000
000000000000000110000000
000000000000000110000000
000000000000000110000000
000000000000000110000000
000000000000000000000000
000000000000000000000000
000000000000000000000000
000000000000000000000000
000000000000000000000000
000000000000000000000000
000000000000000000000000
000000000000000000000000
000000000000000000000000
000000000000000000000000
start_draw_0:
000000000000000000000000
000000000000000000000000
000000000000000000000000
000000000000000000000000
000000000000000000000000
000000000000000000000000
000000000000000000000000
000000000000000000000000
000000000000000000000000
000000000000000000000000
000000000001111110000000
000000000011111110000000
000000000111111110000000
000000001111000111110000
000000001110000111110000
000000001110000001110000
000000001100000001110000
000000011100000001110000
000000011100000011100000
000000011100000111100000
000000011111111111100000
000000001111111111100000
000000000111111001100000
000000000000000001100000
000000000000000001100000
000000000000000001100000
000000000000000001100000
000000000000000001100000
000000000000000001100000
000000000000000001100000
000000000000000001100000
000000000000000001100000
000000000000000000000000
000000000000000000000000
000000000000000000000000
000000000000000000000000
start_draw_0:
000000000000000000000000
000000000000000000000000
000000000000000000000000
000000000000000000000000
000000000000000000000000
000000011111100000000000
000000111111111000000000
000001111001111000000000
000001110000111000000000
000011100000111000000000
000011100001110000000000
000011111111110000000000
000011111111110000000000
000000000001110000000000
000000000001110000000000
000000000001100000000000
000000000001100000000000
000000000001100000000000
000000000001100000000000
000000000001100000000000
000000000001100000000000
000000000001100000000000
000000000001100000000000
000000000000000000000000
000000000000000000000000
000000000000000000000000
000000000000000000000000
000000000000000000000000
000000000000000000000000
000000000000000000000000
000000000000000000000000
000000000000000000000000
000000000000000000000000
000000000000000000000000
000000000000000000000000
000000000000000000000000
start_draw_0:
000000000000000000000000
000000000000000000000000
000000000000000000000000
000000000000000000000000
000000000000000000000000
000000000000000000000000
000000000000000000000000
000000000000000000000000
000000000000000111111000
000000000000011111111100
000000000000111111111100
000000000000111111101100
000000000001111011011100
000000000001110000011100
000000000011100000011100
000000000011100000111100
000000000011100000111000
000000000011000001111000
000000000011110111111000
000000000011111111111000
000000000001111111111000
000000000000000000111000
000000000000000000111000
000000000000000000110000
000000000000000000110000
000000000000000000110000
000000000000000000110000
000000000000000000110000
000000000000000001110000
000000000000000001110000
000000000000000000000000
000000000000000000000000
000000000000000000000000
000000000000000000000000
000000000000000000000000
000000000000000000000000
start_draw_0:
000000000000000000000000
000000000000000000000000
000000000000000000000000
000000111111111100000000
000001111111111110000000
000001111000011110000000
000011100001101110000000
000011100011100000000000
000111000011100000000000
000111000011100000000000
000110000111100000000000
000110000111100000000000
000111001111100000000000
000111111111100000000000
000011111101100000000000
000000000001100000000000
000000000001100000000000
000000000001100000000000
000000000001100000000000
000000000001100000000000
000000000001100000000000
000000000001110000000000
000000000001110000000000
000000000001110000000000
000000000000110000000000
000000000000000000000000
000000000000000000000000
000000000000000000000000
000000000000000000000000
000000000000000000000000
000000000000000000000000
000000000000000000000000
000000000000000000000000
000000000000000000000000
000000000000000000000000
000000000000000000000000
start_draw_0:
000000000000000000000000
000000000000000000000000
000000000000000000000000
000000000000000000000000
000000000000000000000000
000000000000000000000000
000000000000000000000000
000000000000001110000000
000000000000111111111000
000000000001111111111000
000000000011111000111000
000000000011100000111000
000000000111000001111000
000000000111000001110000
000000000110000001110000
000000000110000011110000
000000000111001111110000
000000000111111111110000
000000000011111110110000
000000000000000000110000
000000000000000000110000
000000000000000000110000
000000000000000000110000
000000000000000000110000
000000000000000000110000
000000000000000000110000
000000000000000000110000
000000000000000000000000
000000000000000000000000
000000000000000000000000
000000000000000000000000
000000000000000000000000
000000000000000000000000
000000000000000000000000
000000000000000000000000
000000000000000000000000
start_draw_0:
000000000000000000000000
000000000000000000000000
000000000000000000000000
000000000000000000000000
000000001111100000000000
000000111111111000000000
000001111101111000000000
000001110011100000000000
000011110011100000000000
000011100011100000000000
000011100111100000000000
000011000111100000000000
000011001111110000000000
000011111111110000000000
000011111101110000000000
000001111000110000000000
000000000000110000000000
000000000000110000000000
000000000000110000000000
000000000000111000000000
000000000000111000000000
000000000000111000000000
000000000000011000000000
000000000000000000000000
000000000000000000000000
000000000000000000000000
000000000000000000000000
000000000000000000000000
000000000000000000000000
000000000000000000000000
000000000000000000000000
000000000000000000000000
000000000000000000000000
000000000000000000000000
000000000000000000000000
000000000000000000000000
start_draw_0:
000000000000000000000000
000000000000000000000000
000000000000000000000000
000000000000001111110000
000000000000011111110000
000000000000111111110000
000000000000111001110000
000000000001110001110000
000000000001110001110000
000000000001100001110000
000000000001100011110000
000000000001100111110000
000000000001111111110000
000000000001111111110000
000000000000111100110000
000000000000000000110000
000000000000000000110000
000000000000000000110000
000000000000000000110000
000000000000000000110000
000000000000000000110000
000000000000000000110000
000000000000000000000000
000000000000000000000000
000000000000000000000000
000000000000000000000000
000000000000000000000000
000000000000000000000000
000000000000000000000000
000000000000000000000000
000000000000000000000000
000000000000000000000000
000000000000000000000000
000000000000000000000000
000000000000000000000000
000000000000000000000000
start_draw_0:
000000000000000000000000
000000000000000000000000
000000000000000000000000
000000000000000000000000
000000000000000000000000
000000000000000000000000
000000000000000000000000
000000000000000000000000
000000000000000000000000
000000000000000000000000
000000000000000000000000
000000000000000000000000
000000000000000000000000
000000000000000000000000
000000000000000000000000
000000000000000000000000
000000000000000000000000
000000000000000000000000
000000000000000000000000
000000000000000000000000
000000000000000000000000
000000000000000000000000
000000000000000000000000
000000000000000000000000
000000000000000000000000
000000000000000000000000
000000000000000000000000
000000000000000000000000
000000000000000000000000
000000000000000000000000
000000000000000000000000
000000000000000000000000
000000000000000000000000
000000000000000000000000
000000000000000000000000
000000000000000000000000
start_draw_0:
000000000000000000000000
000000000000000000000000
000000000000000000000000
000000000000000000000000
000000000000000000000000
000000000000000000000000
000000000000000000000000
000000000000000000000000
000000011111111000000000
000000111111111100000000
000001111100111100000000
000011110000011100000000
000011100000001100000000
000011101111101100000000
000011111111101100000000
000011111110001100000000
000000000000001100000000
000000000000001100000000
000000000000001100000000
000000000000001100000000
000000000000001100000000
000000000000001100000000
000000000000001110000000
000000000000001110000000
000000000000001110000000
000000000000001110000000
000000000000001110000000
000000000000001110000000
000000000000001110000000
000000000000000000000000
000000000000000000000000
000000000000000000000000
000000000000000000000000
000000000000000000000000
000000000000000000000000
000000000000000000000000
start_draw_0:
000000000000000000000000
000000000000000000000000
000000000000000000000000
000000000000000000000000
000000000000000000000000
000000000000000000000000
000000000000000000000000
000000000000000000000000
000000000000000000000000
000000000000000000000000
000000000000000000000000
000000000000000000000000
000000000000000000000000
000000000000000000000000
000000000000000000000000
000000000000000000000000
000000000000000000000000
000000000000000000000000
000000000000000000000000
000000000000000000000000
000000000000000000000000
000000000000000000000000
000000000000000000000000
000000000000000000000000
000000000000000000000000
000000000000000000000000
000000000000000000000000
000000000000000000000000
000000000000000000000000
000000000000000000000000
000000000000000000000000
000000000000000000000000
000000000000000000000000
000000000000000000000000
000000000000000000000000
000000000000000000000000
start_draw_0:
000000111100000000000000
000001111110000000000000
000011111110000000000000
000011111110000000000000
000011111110000000000000
000111111110000000000000
000111111110000000000000
000111111100000000000000
000011101100000000000000
000000001100000000000000
000000011100000000000000
000000011100000000000000
000000011100000000000000
000000011000000000000000
000000011000000000000000
000000011000000000000000
000000000000000000000000
000000000000000000000000
000000000000000000000000
000000000000000000000000
000000000000000000000000
000000000000000000000000
000000000000000000000000
000000000000000000000000
000000000000000000000000
000000000000000000000000
000000000000000000000000
000000000000000000000000
000000000000000000000000
000000000000000000000000
000000000000000000000000
000000000000000000000000
000000000000000000000000
000000000000000000000000
000000000000000000000000
000000000000000000000000
start_draw_0:
000000000000000000000000
000000000000000000000000
000000000000000000000000
000000000000000000000000
000000000000001111111000
000000000000011111111000
000000000000111101111000
000000000001111001111000
000000000001110001111000
000000000001110011110000
000000000001100111110000
000000000001111111110000
000000000001111111110000
000000000000111101100000
000000000000000001100000
000000000000000011100000
000000000000000011100000
000000000000000011100000
000000000000000011100000
000000000000000011000000
000000000000000000000000
000000000000000000000000
000000000000000000000000
000000000000000000000000
000000000000000000000000
000000000000000000000000
000000000000000000000000
000000000000000000000000
000000000000000000000000
000000000000000000000000
000000000000000000000000
000000000000000000000000
000000000000000000000000
000000000000000000000000
000000000000000000000000
000000000000000000000000
start_draw_0:
000000000000000000000000
000000000000000000000000
000000000000000000000000
000000000000000000000000
000000000000000000000000
000000000000000000000000
000000000000000000000000
000000000000000000000000
000000000000000000000000
000000000000000000000000
000000000000000000000000
000000000000000000000000
000000000000000000000000
000000000000000000000000
000000000000000000000000
000000000000000000000000
000000000000000000000000
000000000000000000000000
000111100000000000000000
001111110000000000000000
011111110000000000000000
011101110000000000000000
011001110000000000000000
111001110000000000000000
111011110000000000000000
111111100000000000000000
011111100000000000000000
000011100000000000000000
000011100000000000000000
000011000000000000000000
000011000000000000000000
000000000000000000000000
000000000000000000000000
000000000000000000000000
000000000000000000000000
000000000000000000000000
start_draw_0:
000000000000000000000000
000000000000000000000000
000000000000000000000000
000000000000000000000000
000000000000000000000000
000000000000000000000000
000000000000000000000000
000000000000000000000000
000000000000000000000000
000000000000000000000000
000000000000000000000000
000000000000000000000000
000000000000000000000000
000000000000000000000000
000000000000000000000000
000000000000000000000000
000000000000000000000000
000000000000000001100000
000000000000001111110000
000000000000001111111000
000000000000011100111000
000000000000111100111100
000000000000111000111100
000000000000110001111100
000000000000110001111100
000000000000110001111100
000000000000111111111100
000000000000111111111000
000000000000011110111000
000000000000000000111000
000000000000000000110000
000000000000000000110000
000000000000000000110000
000000000000000000110000
000000000000000000000000
000000000000000000000000
start_draw_0:
000000000000000000000000
000000000000000000000000
000011110000000000000000
001111111000000000000000
011111111000000000000000
011100111100000000000000
011110011100000000000000
011111111111000000000000
001111111111000000000000
000001111110000000000000
000000001110000000000000
000000000110000000000000
000000000110000000000000
000000000110000000000000
000000000111000000000000
000000000111000000000000
000000000111000000000000
000000000111000000000000
000000000011000000000000
000011100011000000000000
000011100011000000000000
000011100111000000000000
000011100111000000000000
000001100111000000000000
000001111110000000000000
000001111110000000000000
000001111110000000000000
000000011000000000000000
000000000000000000000000
000000000000000000000000
000000000000000000000000
000000000000000000000000
000000000000000000000000
000000000000000000000000
000000000000000000000000
000000000000000000000000
start_draw_0:
000000000000000000000000
000000000000000111110000
000000000000001111110000
000000000000001111111000
000000000000011100111000
000000000000011100111000
000000000000011110011000
000000000000011111111000
000000000000001111111000
000000000000000001111000
000000000000000000011000
000000000000000000011000
000000000000000000011000
000000000000000000011000
000000000011000000011000
000000000011000000011000
000000000011100000111000
000000000011100000111000
000000000001110000111000
000000000001111001110000
000000000000111101110000
000000000000011111110000
000000000000011111100000
000000000000000111000000
000000000000000000000000
000000000000000000000000
000000000000000000000000
000000000000000000000000
000000000000000000000000
000000000000000000000000
000000000000000000000000
000000000000000000000000
000000000000000000000000
000000000000000000000000
000000000000000000000000
000000000000000000000000
start_draw_0:
000000000000000000000000
000000000000000000000000
000000000000000000000000
000000000000000000000000
000000000000000000000000
000000000000000000000000
000000000000000000000000
000000000000000000000000
000000000000000000000000
000000000000000000000000
000000000000000000000000
000000000000000000000000
000000000000000000000000
000000000111110000000000
000000011111110000000000
000000011111110000000000
000000111100110000000000
000000111000110000000000
000000111000110000000000
000000111100110000000000
000000011111111000000000
000000001111111000000000
000000000011111000000000
000000001100011000000000
000000001100011000000000
000000001100011000000000
000000001110011000000000
000000001110011000000000
000000001110111000000000
000000000111111000000000
000000000111111000000000
000000000111110000000000
000000000000000000000000
000000000000000000000000
000000000000000000000000
000000000000000000000000
start_draw_0:
000000000000000000000000
000000000000000000000000
000000000000000000000000
000000000000000000000000
000000000000000000000000
000000000000000000000000
000000000000000000000000
000000000000000000000000
000000000000000000000000
000000000000000000000000
000000000000000000000000
000000000000000000000000
000000000000000000000000
000000000000000000000000
000000000000000000000000
000000000000000000000000
000000000000001111111000
000000000000011111111100
000000000000111100011111
000000000000111100000111
000000000000111000001111
000000000000111000111111
000000000000111111111111
000000000000111111110111
000000000000000000000110
000000000000000000000110
000000000000000000000110
000000000000000000000110
000000000000000000000110
000000000000000000000110
000000000000000000000110
000000000000000000001110
000000000000000000001110
000000000000000000001110
000000000000000000000000
000000000000000000000000
start_draw_0:
000000000000000000000000
000000000000000000000000
000000000000000000000000
000001111000000000000000
000111111000000000000000
000111111000000000000000
000111011000000000000000
000110011000000000000000
000110011000000000000000
000111111000000000000000
000111111000000000000000
000000011000000000000000
000000111000000000000000
000000111000000000000000
000001111000000000000000
000001110000000000000000
000001110000000000000000
000011100000000000000000
000011100000000000000000
000011000000000000000000
000111000000000000000000
000111000000000000000000
000111000000000000000000
000110000000000000000000
000000000000000000000000
000000000000000000000000
000000000000000000000000
000000000000000000000000
000000000000000000000000
000000000000000000000000
000000000000000000000000
000000000000000000000000
000000000000000000000000
000000000000000000000000
000000000000000000000000
000000000000000000000000
start_draw_0:
000000000000000000000000
000000000000000000000000
000000000000000000000000
000000000000000000000000
000000000001111110000000
000000000011111111000000
000000000011100111000000
000000000011000011000000
000000000011000011000000
000000000011100011000000
000000000011111111000000
000000000001111111000000
000000000000000111000000
000000000000000111000000
000000000000000110000000
000000000000001110000000
000000000000001110000000
000000000000001100000000
000000000000011100000000
000000000000011100000000
000000000000011000000000
000000000000111000000000
000000000000111000000000
000000000000111000000000
000000000000110000000000
000000000000000000000000
000000000000000000000000
000000000000000000000000
000000000000000000000000
000000000000000000000000
000000000000000000000000
000000000000000000000000
000000000000000000000000
000000000000000000000000
000000000000000000000000
000000000000000000000000
start_draw_0:
000000000111100000000000
000000111111100000000000
000011111111100000000000
000111111001100000000000
000111100001100000000000
000110000001100000000000
000111111001100000000000
000111111111110000000000
000001111111110000000000
000000000001100000000000
000000000001100000000000
000000000001100000000000
000000000001100000000000
000000000011100000000000
000000000011100000000000
000000000011000000000000
000000000111000000000000
000000000111000000000000
000000001110000000000000
000000001110000000000000
000000001110000000000000
000000011100000000000000
000000011100000000000000
000000011000000000000000
000000111000000000000000
000000111000000000000000
000000000000000000000000
000000000000000000000000
000000000000000000000000
000000000000000000000000
000000000000000000000000
000000000000000000000000
000000000000000000000000
000000000000000000000000
000000000000000000000000
000000000000000000000000
start_draw_0:
000000000000000000000000
000000000000000000000000
000000000000000000000000
000000000011111000000000
000000001111111000000000
000000011111111000000000
000000111110011000000000
000000111000011000000000
000000110000011000000000
000000110000011000000000
000000110000011000000000
000000111000111000000000
000000111111111000000000
000000111111111000000000
000000001111111000000000
000000000000011000000000
000000000000011000000000
000000000000011000000000
000000000000111000000000
000000000000111000000000
000000000001110000000000
000000000001110000000000
000000000011100000000000
000000000111100000000000
000000000111000000000000
000000000111000000000000
000000001110000000000000
000000001110000000000000
000000001100000000000000
000000001100000000000000
000000000000000000000000
000000000000000000000000
000000000000000000000000
000000000000000000000000
000000000000000000000000
000000000000000000000000
start_draw_0:
000000000000000000000000
000000000000000000000000
000000000000000000000000
000000000000000000000000
000000000000000000000000
000000000000001110000000
000000000001111111100000
000000000011111111110000
000000000111100001110000
000000001111000001110000
000000001110000011100000
000000011110000011100000
000000011100000111100000
000000011100001111100000
000000011000111111000000
000000011111111111000000
000000011111111011000000
000000000000000011000000
000000000000000011000000
000000000000000111000000
000000000000000111000000
000000000000000111000000
000000000000000111000000
000000000000000111000000
000000000000000111000000
000000000000000111000000
000000000000001110000000
000000000000001110000000
000000000000000000000000
000000000000000000000000
000000000000000000000000
000000000000000000000000
000000000000000000000000
000000000000000000000000
000000000000000000000000
000000000000000000000000
start_draw_0:
000000000000000000000000
000000000000000000000000
000000000000000000000000
000000000000000000000000
000001110000000000000000
000111111110000000000000
000111111111000000000000
001111000111110000000000
001110000001110000000000
001100000001110000000000
001100000001110000000000
001100000001100000000000
001110000011100000000000
001111101111100000000000
000111111111100000000000
000001111111100000000000
000000000001100000000000
000000000001110000000000
000000000001110000000000
000000000001110000000000
000000000000110000000000
000000000000111000000000
000000000000111000000000
000000000000111000000000
000000000000011000000000
000000000000000000000000
000000000000000000000000
000000000000000000000000
000000000000000000000000
000000000000000000000000
000000000000000000000000
000000000000000000000000
000000000000000000000000
000000000000000000000000
000000000000000000000000
000000000000000000000000
start_draw_0:
000000000000000000000000
000000000000000000000000
000000000000000000000000
000000000000000000000000
000000000000000000000000
000000011111100000000000
000000111111110000000000
000001111100110000000000
000001110001110000000000
000001110001111000000000
000001110011111000000000
000001110011111000000000
000000111111111000000000
000000111111011000000000
000000011110011000000000
000000000000011000000000
000000000000011100000000
000000000000011100000000
000000000000011100000000
000000000000001100000000
000000000000001100000000
000000000000001110000000
000000000000001110000000
000000000000001110000000
000000000000000110000000
000000000000000000000000
000000000000000000000000
000000000000000000000000
000000000000000000000000
000000000000000000000000
000000000000000000000000
000000000000000000000000
000000000000000000000000
000000000000000000000000
000000000000000000000000
000000000000000000000000
start_draw_0:
000000000000000000000000
000000000000000000000000
000000000000000000000000
000000000000000000000000
000000000000000000000000
000000000000000000000000
000000000000000000000000
000000000000000000000000
000000000000000000000000
000001111000000000000000
000111111110000000000000
001111111110000000000000
001110011110000000000000
001110011100000000000000
011100111100000000000000
011111111100000000000000
011111111100000000000000
001111011100000000000000
000000011100000000000000
000000011100000000000000
000000011100000000000000
000000011100000000000000
000000011100000000000000
000000011100000000000000
000000000000000000000000
000000000000000000000000
000000000000000000000000
000000000000000000000000
000000000000000000000000
000000000000000000000000
000000000000000000000000
000000000000000000000000
000000000000000000000000
000000000000000000000000
000000000000000000000000
000000000000000000000000
start_draw_0:
000000000000000000000000
000000000000000000000000
000000000000000000000000
000000000000000000000000
000000000000000000000000
000000000000000000000000
000000000000000000000000
000000000000000000000000
000000000000000000000000
000000000000000000000000
000000000000000000000000
000000000000000000000000
000000000000000000000000
000000000000000000000000
000000000000111111100000
000000000000111111111000
000000000001111001111000
000000000001110001111000
000000000001110001111000
000000000001111111111000
000000000001111111111000
000000000000011100111000
000000000000000000011000
000000000000000000011000
000000000000000000011000
000000000000000000011000
000000000000000000011000
000000000000000000000000
000000000000000000000000
000000000000000000000000
000000000000000000000000
000000000000000000000000
000000000000000000000000
000000000000000000000000
000000000000000000000000
000000000000000000000000
start_draw_0:
000000000000000000000000
000000000000000000000000
000000000000000000000000
000000000000000000000000
000000000000000000000000
000000011110000000000000
000001111111100000000000
000011111111111000000000
000011100001111000000000
000011000000111000000000
000011000001111000000000
000111000011110000000000
000111101111110000000000
000011111111110000000000
000011111110110000000000
000000000001110000000000
000000000001110000000000
000000000001110000000000
000000000001110000000000
000000000001110000000000
000000000001110000000000
000000000000000000000000
000000000000000000000000
000000000000000000000000
000000000000000000000000
000000000000000000000000
000000000000000000000000
000000000000000000000000
000000000000000000000000
000000000000000000000000
000000000000000000000000
000000000000000000000000
000000000000000000000000
000000000000000000000000
000000000000000000000000
000000000000000000000000
start_draw_0:
000000000000000000000000
000000000000000000000000
000000000000000000000000
000000000000000000000000
000000000000000000000000
000000011111111100000000
000000011111111100000000
000000111100001110000000
000000111000001110000000
000001110000011110000000
000001110000011110000000
000001110000111110000000
000001110001111110000000
000001111011111110000000
000001111111111110000000
000000011111001110000000
000000000000000110000000
000000000000000110000000
000000000000000110000000
000000000000000110000000
000000000000000110000000
000000000000000110000000
000000000000000110000000
000000000000000000000000
000000000000000000000000
000000000000000000000000
000000000000000000000000
000000000000000000000000
000000000000000000000000
000000000000000000000000
000000000000000000000000
000000000000000000000000
000000000000000000000000
000000000000000000000000
000000000000000000000000
000000000000000000000000
start_draw_0:
000000000000000000000000
000000000000000000000000
000000000000000000000000
000000000000000000000000
000000000000000000000000
000000000000000000000000
000000000000000000000000
000000000000000000000000
000000111111100000000000
000011111111110000000000
000011111011110000000000
000111000001110000000000
000111000001110000000000
000110000111110000000000
000111011111110000000000
000111111111110000000000
000011111100111000000000
000000000000111000000000
000000000000111000000000
000000000000011000000000
000000000000011100000000
000000000000011100000000
000000000000011100000000
000000000000001100000000
000000000000001100000000
000000000000000000000000
000000000000000000000000
000000000000000000000000
000000000000000000000000
000000000000000000000000
000000000000000000000000
000000000000000000000000
000000000000000000000000
000000000000000000000000
000000000000000000000000
000000000000000000000000
start_draw_0:
000000000000000000000000
000000000000000000000000
000000000000000000000000
000000000000000000000000
000011111100000000000000
000111111110000000000000
001111001110000000000000
001110001110000000000000
001100001110000000000000
001100011110000000000000
001100011110000000000000
001101111110000000000000
001111111110000000000000
001111110110000000000000
000000000110000000000000
000000000110000000000000
000000001110000000000000
000000001110000000000000
000000001110000000000000
000000001110000000000000
000000001100000000000000
000000001100000000000000
000000001100000000000000
000000001100000000000000
000000001100000000000000
000000001100000000000000
000000000000000000000000
000000000000000000000000
000000000000000000000000
000000000000000000000000
000000000000000000000000
000000000000000000000000
000000000000000000000000
000000000000000000000000
000000000000000000000000
000000000000000000000000
start_draw_0:
000000000000000000000000
000000000000000000000000
000000000000000000000000
000000000000000000000000
000000000000000000000000
000000000000000000000000
000000000000000000000000
000000000000000000000000
000000000000000000000000
000000000000000000000000
000000000000000000000000
000000000000000000000000
000000000000000000000000
000000000000000000000000
000000000000111110000000
000000000001111111110000
000000000011111111110000
000000000011110111111100
000000000011100000011100
000000000011000000011100
000000000011000000111100
000000000011000001111100
000000000011100111111000
000000000011111111111000
000000000001111110111000
000000000000000000111000
000000000000000000110000
000000000000000000110000
000000000000000000110000
000000000000000000110000
000000000000000000110000
000000000000000000000000
000000000000000000000000
000000000000000000000000
000000000000000000000000
000000000000000000000000
start_draw_0:
000000000000000000000000
000000000000110000000000
000000011111110000000000
000001111111110000000000
000011111111110000000000
000111111111110000000000
000111011111110000000000
000111011111110000000000
000110000111110000000000
000111011111110000000000
000111111110110000000000
000111111100110000000000
000000110000110000000000
000000000000110000000000
000000000000110000000000
000000000000110000000000
000000000000000000000000
000000000000000000000000
000000000000000000000000
000000000000000000000000
000000000000000000000000
000000000000000000000000
000000000000000000000000
000000000000000000000000
000000000000000000000000
000000000000000000000000
000000000000000000000000
000000000000000000000000
000000000000000000000000
000000000000000000000000
000000000000000000000000
000000000000000000000000
000000000000000000000000
000000000000000000000000
000000000000000000000000
000000000000000000000000
start_draw_0:
000000000000000000000000
000000000000000000000000
000000000000000000000000
000000000000000000000000
000000000000000000000000
000000000000000000000000
000000000000000000000000
000000000000000000000000
000000000000000000000000
000000000000000000000000
000000000000000000000000
000000000000000000000000
000000000000000000000000
000000000000111111000000
000000000001111111100000
000000000001111011110000
000000000011110001110000
000000000011100000110000
000000000111000000111100
000000000111000000111100
000000000110000000111100
000000000110000000011100
000000000111000000111100
000000000111110000111100
000000000011111110111100
000000000001111111111100
000000000000011111111000
000000000000000000110000
000000000000000000110000
000000000000000000111000
000000000000000000111000
000000000000000000111000
000000000000000000000000
000000000000000000000000
000000000000000000000000
000000000000000000000000
start_draw_0:
000000000000000000000000
000000001111000000000000
000000011111000000000000
000000111111000000000000
000000111111011000000000
000001111000111000000000
000001110000111000000000
000001110000111000000000
000011100001111000000000
000011100001111000000000
000011100011110000000000
000011001111110000000000
000011111111110000000000
000011111110110000000000
000000000001110000000000
000000000001110000000000
000000000001110000000000
000000000001110000000000
000000000001100000000000
000000000001110000000000
000000000001110000000000
000000000001110000000000
000000000001110000000000
000000000001110000000000
000000000000110000000000
000000000000110000000000
000000000000000000000000
000000000000000000000000
000000000000000000000000
000000000000000000000000
000000000000000000000000
000000000000000000000000
000000000000000000000000
000000000000000000000000
000000000000000000000000
000000000000000000000000
start_draw_0:
000000000000000000000000
000000000000000000000000
000000000000000000000000
000000000001110000000000
000000000011111100000000
000000000011111110000000
000000000111001111000000
000000000111000111000000
000000001110000011000000
000000001110000011100000
000000001100000111100000
000000001100000111100000
000000011100001111100000
000000011100001111100000
000000011100011111100000
000000011100111101100000
000000011111111001100000
000000001111110001100000
000000000111000001100000
000000000000000001100000
000000000000000001100000
000000000000000001100000
000000000000000001100000
000000000000000001100000
000000000000000001100000
000000000000000001100000
000000000000000001100000
000000000000000001100000
000000000000000001100000
000000000000000001100000
000000000000000001100000
000000000000000000000000
000000000000000000000000
000000000000000000000000
000000000000000000000000
000000000000000000000000
start_draw_0:
000000000000000000000000
000000000000000000000000
000000000000000000000000
000000000000000000000000
000000000000000000000000
000000000000000000000000
000000111100000000000000
000001111100000000000000
000001111100000000000000
000011111100000000000000
000111101100000000000000
000111011100000000000000
000111011100000000000000
001110111100000000000000
001110111100000000000000
001111111100000000000000
001111111110000000000000
001111101110000000000000
001111001110000000000000
000000001110000000000000
000000000110000000000000
000000000110000000000000
000000000110000000000000
000000000110000000000000
000000000110000000000000
000000000111000000000000
000000000111000000000000
000000000111000000000000
000000000111000000000000
000000000000000000000000
000000000000000000000000
000000000000000000000000
000000000000000000000000
000000000000000000000000
000000000000000000000000
000000000000000000000000
start_draw_0:
000000000000000000000000
000000000000000000000000
000000000000000000000000
000000000000000000000000
000000000111110000000000
000000011111111000000000
000000111111111100000000
000000111100011110000000
000001111000001110000000
000001110000001110000000
000001110000000110000000
000011100000000110000000
000011100000000110000000
000011000000000110000000
000011000000001110000000
000011000000011110000000
000011100000011110000000
000011110001111110000000
000001111111111110000000
000001111111100110000000
000000000000000110000000
000000000000000110000000
000000000000000110000000
000000000000000110000000
000000000000000110000000
000000000000000110000000
000000000000000111000000
000000000000000111000000
000000000000000111000000
000000000000000000000000
000000000000000000000000
000000000000000000000000
000000000000000000000000
000000000000000000000000
000000000000000000000000
000000000000000000000000
start_draw_0:
000000000000000000000000
000000000000000000000000
001111111000000000000000
011111111100000000000000
011110011100000000000000
011100001100000000000000
111000011100000000000000
111000011100000000000000
110000011100000000000000
110000111100000000000000
110001111100000000000000
110111111100000000000000
111111101100000000000000
111111001100000000000000
000000001100000000000000
000000001100000000000000
000000001100000000000000
000000001100000000000000
000000001100000000000000
000000001100000000000000
000000001100000000000000
000000001100000000000000
000000001100000000000000
000000001100000000000000
000000001100000000000000
000000000000000000000000
000000000000000000000000
000000000000000000000000
000000000000000000000000
000000000000000000000000
000000000000000000000000
000000000000000000000000
000000000000000000000000
000000000000000000000000
000000000000000000000000
000000000000000000000000
start_draw_0:
000000000000000000000000
000000000000000000000000
000000000000000000000000
000000000000000000000000
000000000000000000000000
000000000000000000000000
000000000000000000000000
000000000000000000000000
000000000000000000000000
000000000011110000000000
000000000111111000000000
000000001111111100000000
000000011110011100000000
000000011100001100000000
000000011100111100000000
000000111000111100000000
000000111001111100000000
000001110011111100000000
000001110111111000000000
000001111111111000000000
000001111111011000000000
000000000000011000000000
000000000000011000000000
000000000000011000000000
000000000000011000000000
000000000000011000000000
000000000000011000000000
000000000000011000000000
000000000000011000000000
000000000000011000000000
000000000000011000000000
000000000000011000000000
000000000000011000000000
000000000000000000000000
000000000000000000000000
000000000000000000000000
start_draw_0:
000000000000000000000000
000000000000000000000000
000000000000000000000000
000000000000000000000000
000000000000000000000000
000000000000000000000000
000000000000000000000000
000000000000000000000000
000000000000000000000000
000000000000000000000000
000000000111110000000000
000000001111111100000000
000000001111111100000000
000000001110011100000000
000000001100001100000000
000000001100001100000000
000000001100001100000000
000000001100011100000000
000000001100011100000000
000000001110111100000000
000000001111111100000000
000000000111111100000000
000000000011111100000000
000000000000001110000000
000000000000001110000000
000000000000001110000000
000000000000000110000000
000000000000000111000000
000000000000000111000000
000000000000000000000000
000000000000000000000000
000000000000000000000000
000000000000000000000000
000000000000000000000000
000000000000000000000000
000000000000000000000000
start_draw_0:
000000000000000000000000
000000000000000000000000
000000000000000000000000
000011111000000000000000
000111111100000000000000
001111011110000000000000
001110111110000000000000
011100111110000000000000
011101111000000000000000
011001111000000000000000
011111111000000000000000
011111111000000000000000
011111011000000000000000
000000011000000000000000
000000011000000000000000
000000011000000000000000
000000011000000000000000
000000011000000000000000
000000011000000000000000
000000011000000000000000
000000011000000000000000
000000011000000000000000
000000011000000000000000
000000011000000000000000
000000011000000000000000
000000011000000000000000
000000000000000000000000
000000000000000000000000
000000000000000000000000
000000000000000000000000
000000000000000000000000
000000000000000000000000
000000000000000000000000
000000000000000000000000
000000000000000000000000
000000000000000000000000
start_draw_0:
000000000000000000000000
000000000000000000000000
000000000000111111000000
000000000001111111000000
000000000011110111100000
000000000111100111100000
000000000111000111100000
000000001110001111000000
000000001110001110000000
000000001100001110000000
000000001100011110000000
000000001100111110000000
000000001111111110000000
000000001111111110000000
000000001111100110000000
000000000000000110000000
000000000000000110000000
000000000000000110000000
000000000000000110000000
000000000000000110000000
000000000000000110000000
000000000000000110000000
000000000000000110000000
000000000000000110000000
000000000000000110000000
000000000000000110000000
000000000000000000000000
000000000000000000000000
000000000000000000000000
000000000000000000000000
000000000000000000000000
000000000000000000000000
000000000000000000000000
000000000000000000000000
000000000000000000000000
000000000000000000000000
start_draw_0:
000000000000000000000000
000000000000000000000000
000000000000000000000000
000000000000000000000000
000000000000000000000000
000000000000000000000000
000000000000000000000000
000000000000000000000000
000000000000000000000000
000000000000000000000000
000000011111000000000000
000000011111110000000000
000000111111111100000000
000000111000111110000000
000000110000001111000000
000000110000000111100000
000000110000000011100000
000000110000000011100000
000000110000000011100000
000000111000000011100000
000000111100000011100000
000000011111000111000000
000000001111111111000000
000000000111111111000000
000000000000000011000000
000000000000000011000000
000000000000000011000000
000000000000000011000000
000000000000000011000000
000000000000000000000000
000000000000000000000000
000000000000000000000000
000000000000000000000000
000000000000000000000000
000000000000000000000000
000000000000000000000000
start_draw_0:
000000000000000000000000
000000000000000000000000
000000000000000000000000
000000000000000000000000
000000000000000000000000
000000000000000000000000
000000000000000000000000
000000000000000000000000
000000000000000000000000
000000000000000000000000
000000000000000000000000
000000000000000000000000
000000000000000000000000
000000000000000001111110
000000000000000011111110
000000000000000011111110
000000000000000111100111
000000000000001111000111
000000000000001110000011
000000000000001110000011
000000000000001100000111
000000000000001111111111
000000000000001111111111
000000000000000000000111
000000000000000000000111
000000000000000000000111
000000000000000000000111
000000000000000000000111
000000000000000000000111
000000000000000000000111
000000000000000000000111
000000000000000000000111
000000000000000000000000
000000000000000000000000
000000000000000000000000
000000000000000000000000
start_draw_0:
000000000000000000000000
000011111000000000000000
000111111100000000000000
001111111100000000000000
001110001110000000000000
011100000110000000000000
011100000110000000000000
011100000110000000000000
011000001110000000000000
011000001110000000000000
011100011110000000000000
011111111110000000000000
001111111110000000000000
000000000110000000000000
000000000110000000000000
000000000110000000000000
000000000110000000000000
000000000110000000000000
000000000111000000000000
000000000111000000000000
000000000111000000000000
000000000000000000000000
000000000000000000000000
000000000000000000000000
000000000000000000000000
000000000000000000000000
000000000000000000000000
000000000000000000000000
000000000000000000000000
000000000000000000000000
000000000000000000000000
000000000000000000000000
000000000000000000000000
000000000000000000000000
000000000000000000000000
000000000000000000000000
start_draw_0:
000000000000000000000000
000000000000000000000000
000000000000000000000000
000000001111100000000000
000000011111110000000000
000000111111111000000000
000001111000111000000000
000001110001111000000000
000001110011111000000000
000011100111111000000000
000011101111011000000000
000011111110111000000000
000011111100111000000000
000000000000111000000000
000000000000110000000000
000000000000110000000000
000000000000110000000000
000000000000110000000000
000000000000110000000000
000000000000110000000000
000000000000110000000000
000000000000110000000000
000000000000110000000000
000000000000000000000000
000000000000000000000000
000000000000000000000000
000000000000000000000000
000000000000000000000000
000000000000000000000000
000000000000000000000000
000000000000000000000000
000000000000000000000000
000000000000000000000000
000000000000000000000000
000000000000000000000000
000000000000000000000000
start_draw_0:
000000000000000000000000
000000000000000000000000
000000000000000000000000
000000000000000000000000
000000000000000000000000
000000000000000000000000
000000000000000000000000
000000000000011100000000
000000000001111111000000
000000000001111111100000
000000000011110011111000
000000000011100011111000
000000000011000011111000
000000000011000011111000
000000000011000111110000
000000000011111111110000
000000000011111110110000
000000000000000000110000
000000000000000000110000
000000000000000000110000
000000000000000000110000
000000000000000000110000
000000000000000000110000
000000000000000000110000
000000000000000000110000
000000000000000000110000
000000000000000000110000
000000000000000000110000
000000000000000000000000
000000000000000000000000
000000000000000000000000
000000000000000000000000
000000000000000000000000
000000000000000000000000
000000000000000000000000
000000000000000000000000
start_draw_0:
000000000000000000000000
000000000000000000000000
000000000000000000000000
000000000000000000000000
000000000000000000000000
000000000000000000000000
000000000000000000000000
000000000000000000000000
000000000000000000000000
000000000000000000000000
111111111100000000000000
111111111111000000000000
111000011111100000000000
110000001111100000000000
110000001111100000000000
110000011101100000000000
110000011100000000000000
111000011100000000000000
111111111100000000000000
011111111100000000000000
001111111100000000000000
000000001100000000000000
000000001100000000000000
000000001100000000000000
000000001100000000000000
000000001100000000000000
000000001100000000000000
000000001100000000000000
000000001100000000000000
000000000000000000000000
000000000000000000000000
000000000000000000000000
000000000000000000000000
000000000000000000000000
000000000000000000000000
000000000000000000000000
start_draw_0:
000000000000000000000000
000000000000000000000000
000000000000000000000000
000000000000000000000000
000000000000000000000000
000000000000000000000000
000000000000000000000000
000000000000000000000000
000000000000000000000000
000000000000000000000000
000000000000000000000000
000000000000000000000000
000000000000000000000000
000000000000000000000000
000000000000000000000000
000000000000000000000000
000000000111110000000000
000000001111111000000000
000000011110111000000000
000000111101111000000000
000001111011111000000000
000001111111111000000000
000001111111111000000000
000001111111110000000000
000000110001100000000000
000000000001100000000000
000000000001100000000000
000000000001100000000000
000000000001100000000000
000000000000000000000000
000000000000000000000000
000000000000000000000000
000000000000000000000000
000000000000000000000000
000000000000000000000000
000000000000000000000000
start_draw_0:
000000000000000000000000
000000000000000000000000
000000000000000000000000
000000000000000000000000
000000000000000000000000
001111111100000000000000
011111111100000000000000
111100111100000000000000
111001111000000000000000
111001111000000000000000
111111111000000000000000
111111111000000000000000
000000011000000000000000
000000011000000000000000
000000011000000000000000
000000011000000000000000
000000011000000000000000
000000011000000000000000
000000011000000000000000
000000011100000000000000
000000011100000000000000
000000011100000000000000
000000001100000000000000
000000000000000000000000
000000000000000000000000
000000000000000000000000
000000000000000000000000
000000000000000000000000
000000000000000000000000
000000000000000000000000
000000000000000000000000
000000000000000000000000
000000000000000000000000
000000000000000000000000
000000000000000000000000
000000000000000000000000
start_draw_0:
000000000000000000000000
000000000000000000000000
000000000000000000000000
000000000000000000000000
000000000000000000000000
000000000000000000000000
000000000000000000000000
000000000000000000000000
000000000000000000000000
000000000000111111000000
000000000001111111100000
000000000011110111110000
000000000011100111111100
000000000111100000111100
000000000111000000011100
000000000111000000011100
000000000111000000011100
000000000111100000011100
000000000111111111111000
000000000001111111111000
000000000000000000011100
000000000000000000011100
000000000000000000011100
000000000000000000001100
000000000000000000001110
000000000000000000001110
000000000000000000001110
000000000000000000000110
000000000000000000000111
000000000000000000000111
000000000000000000000000
000000000000000000000000
000000000000000000000000
000000000000000000000000
000000000000000000000000
000000000000000000000000
start_draw_0:
000000000000000000000000
000000000000000000000000
000000000000000000000000
000000000000000000000000
000000001110000000000000
000000111110000000000000
000000111111000000000000
000001111011000000000000
000001110011000000000000
000001100011000000000000
000011100011000000000000
000011100011000000000000
000011100011000000000000
000001100111000000000000
000001100111000000000000
000001111111100000000000
000001111111100000000000
000000111111100000000000
000000000001100000000000
000000000001100000000000
000000000001110000000000
000000000001110000000000
000000000001110000000000
000000000000110000000000
000000000000000000000000
000000000000000000000000
000000000000000000000000
000000000000000000000000
000000000000000000000000
000000000000000000000000
000000000000000000000000
000000000000000000000000
000000000000000000000000
000000000000000000000000
000000000000000000000000
000000000000000000000000
start_draw_0:
000000000000000000000000
000000000000000000000000
000000000000000000000000
000000000000000000000000
000000000000000000000000
000000000000000000000000
000000000000000000000000
000000000000000000000000
000000000111110000000000
000000001111110000000000
000000011111110110000000
000000011100110110000000
000000111000000110000000
000000111000001110000000
000001110000001110000000
000001110000001110000000
000001110000011110000000
000001111111111110000000
000000111111111100000000
000000001111001100000000
000000000000001100000000
000000000000001100000000
000000110000001100000000
000000110000001100000000
000000110000001100000000
000000110000001100000000
000000110000001100000000
000000110000001100000000
000000111000001100000000
000000111111111100000000
000000011111111100000000
000000000011110000000000
000000000000000000000000
000000000000000000000000
000000000000000000000000
000000000000000000000000
start_draw_0:
000000000000000000000000
000000000000000000000000
000000000000011110000000
000000000001111111100000
000000000011111111100000
000000000111100001100000
000000000111000011100000
000000000111000011100000
000000000110000011100000
000000000111000011100000
000000000111111111100000
000000000111111111100000
000000000001111101100000
000000000000000001100000
000000000000000001100000
000000000000000001100000
000000000000000001100000
000000000000000011100000
000000000000000011100000
000000000000000011100000
000000000000000011100000
000000000011000011000000
000000000011000011000000
000000000011000111000000
000000000011000111000000
000000000011000111000000
000000000011001110000000
000000000011111110000000
000000000011111100000000
000000000001111100000000
000000000000000000000000
000000000000000000000000
000000000000000000000000
000000000000000000000000
000000000000000000000000
000000000000000000000000
start_draw_0:
000000000000000000000000
000000000000000000000000
000000000000000000000000
000111111111000000000000
000111111111100000000000
001111000111110000000000
001110000111110000000000
001100001111100000000000
001100011111100000000000
001110111101100000000000
001111111101100000000000
000111111001100000000000
000000000001100000000000
000000000001100000000000
000000000001100000000000
000000000001100000000000
000011000001100000000000
000011000001110000000000
000011000001110000000000
000011000001110000000000
000011100000110000000000
000011100000110000000000
000011100000110000000000
000011100000110000000000
000011100000110000000000
000001110000110000000000
000001111101110000000000
000000111111110000000000
000000011111100000000000
000000000000000000000000
000000000000000000000000
000000000000000000000000
000000000000000000000000
000000000000000000000000
000000000000000000000000
000000000000000000000000
start_draw_0:
000000000000000000000000
000000000000000000000000
000000000000000000000000
000000000000000000000000
000000000000000000000000
000000000001111110000000
000000000011111111000000
000000000111100111000000
000000000111000111000000
000000001111000111000000
000000011110000111000000
000000011100000111000000
000000011100000111000000
000000111000000111000000
000000111100011111000000
000000011111111111000000
000000001111111111000000
000000000000000111000000
000000000000000111000000
000000000000000111000000
000000000000000111000000
000000011000000111000000
000000011000000111000000
000000011000000111000000
000000011000000111000000
000000011100000111000000
000000011110000111000000
000000001111000111000000
000000000111101110000000
000000000011111110000000
000000000001111100000000
000000000000000000000000
000000000000000000000000
000000000000000000000000
000000000000000000000000
000000000000000000000000
start_draw_0:
000000001111111100000000
000000011111111111100000
000000111110011111110000
000000111000000111110000
000000111000000111110000
000000110000000111110000
000000110000001110000000
000000110000001110000000
000000111110111110000000
000000111111111110000000
000000001111111110000000
000000000000001110000000
000000000000001100000000
000000000000001100000000
000000000000001100000000
000000000000001100000000
000000000000001100000000
000000000000001100000000
000000000000001100000000
000000000000001100000000
000001100000001100000000
000001100000001100000000
000001100000001100000000
000001100000011100000000
000001100000011100000000
000001111000111000000000
000001111111111000000000
000000011111111000000000
000000000111100000000000
000000000000000000000000
000000000000000000000000
000000000000000000000000
000000000000000000000000
000000000000000000000000
000000000000000000000000
000000000000000000000000
start_draw_0:
000000000000000000000000
000000000000000000000000
000000000000000000000000
000000000000000000000000
000000000000011111100000
000000000000111111100000
000000000001111111110000
000000000001111001110000
000000000011100001110000
000000000011100111110000
000000000011111111110000
000000000001111111110000
000000000000011000110000
000000000000000000110000
000000000000000000110000
000000000000000000110000
000000000000000000110000
000000000000000000110000
000000000000000000110000
000000000000000000110000
000000000001100000110000
000000000011100000110000
000000000011100000110000
000000000011100000110000
000000000011000000110000
000000000011100001110000
000000000011110001110000
000000000011111001110000
000000000001111101100000
000000000000111111100000
000000000000001111100000
000000000000000000000000
000000000000000000000000
000000000000000000000000
000000000000000000000000
000000000000000000000000
start_draw_0:
000000000000000000000000
000000000000000000000000
000000000111110000000000
000000001111111100000000
000000001110111110000000
000000001100001110000000
000000001100001110000000
000000001100001110000000
000000001110011110000000
000000001111111110000000
000000001111111110000000
000000000000000110000000
000000000000000110000000
000000000000000110000000
000000000000000110000000
000000000000001110000000
000000000000001110000000
000000000000001110000000
000001100000001110000000
000001100000001100000000
000001100000001100000000
000001100000001100000000
000001100000011100000000
000001110000011100000000
000001110000011100000000
000001110000111000000000
000000111000111000000000
000000111101111000000000
000000111111110000000000
000000011111110000000000
000000001111100000000000
000000000000000000000000
000000000000000000000000
000000000000000000000000
000000000000000000000000
000000000000000000000000
start_draw_0:
000000000000000000000000
000000000000000000000000
000001111110000000000000
000011111111100000000000
000111111111110000000000
000111000001110000000000
000111000001110000000000
000110000001110000000000
000110000011110000000000
000110000011110000000000
000111000111110000000000
000111100111110000000000
000011111111110000000000
000001111111110000000000
000000000001110000000000
000000000001110000000000
000000000001110000000000
000000000001110000000000
000000000001110000000000
000000000001110000000000
000000000001110000000000
000000000001110000000000
000110000001110000000000
000110000001110000000000
000110000001110000000000
000110000001110000000000
000111000001110000000000
000111000001110000000000
000011100001100000000000
000011100001100000000000
000011111011100000000000
000001111111100000000000
000000111111000000000000
000000000000000000000000
000000000000000000000000
000000000000000000000000
start_draw_0:
000000000000000000000000
000000000000000000000000
000000000000000000000000
000000000000000000000000
000000000000000000000000
000000000111111100000000
000000001111111111000000
000000001111001111100000
000000001100000011110000
000000011100000001110000
000000011100000001110000
000000011100000001110000
000000001110000001110000
000000001111110011110000
000000000111111111100000
000000000001111111100000
000000000000000011100000
000000000000000011100000
000000000000000011100000
000000000000000011000000
000000000000000011000000
000000000000000011000000
000000000000000011000000
000000000000000111000000
000000000000000111000000
000000000000000111000000
000000000000000111000000
000000000000000111000000
000000000000000000000000
000000000000000000000000
000000000000000000000000
000000000000000000000000
000000000000000000000000
000000000000000000000000
000000000000000000000000
000000000000000000000000
start_draw_0:
000000000000000000000000
000000000000000000000000
000000000000000000000000
000011100000000000000000
000011111000000000000000
000011111110000000000000
000011011110000000000000
000111001110000000000000
000111001110000000000000
000111011110000000000000
000111111110000000000000
000111111110000000000000
000111110110000000000000
000000000110000000000000
000000000110000000000000
000000000110000000000000
000000000110000000000000
000000000110000000000000
000000000110000000000000
000000000110000000000000
000000000110000000000000
000000000110000000000000
000000000110000000000000
000000000110000000000000
000000000110000000000000
000000000110000000000000
000000000000000000000000
000000000000000000000000
000000000000000000000000
000000000000000000000000
000000000000000000000000
000000000000000000000000
000000000000000000000000
000000000000000000000000
000000000000000000000000
000000000000000000000000
start_draw_0:
000000000000000000000000
000000000000000000000000
000000000000000000000000
000000000001111100000000
000000000011111111110000
000000000111111111111000
000000001111000001111000
000000001110000001111000
000000001110000001111000
000000001100000001100000
000000001100000001100000
000000001100000001100000
000000001100000001100000
000000001110000011100000
000000001111000011100000
000000000111100111100000
000000000111111111100000
000000000001111111100000
000000000000000001100000
000000000000000001100000
000000000000000001100000
000000000000000001100000
000000000000000001100000
000000000000000001100000
000000000000000001100000
000000000000000001100000
000000000000000001100000
000000000000000001100000
000000000000000001100000
000000000000000001100000
000000000000000001100000
000000000000000001100000
000000000000000001100000
000000000000000000000000
000000000000000000000000
000000000000000000000000
start_draw_0:
000000000000000000000000
000000000000000000000000
000000000000000000000000
000000000000000000000000
000000000111111000000000
000001111111111110000000
000011111111111111000000
000011100000000111000000
000011000000000011100000
000011000000000011100000
000011110000000001100000
000011111111111111110000
000001111111111111110000
000000000000000001110000
000000000000000000110000
000000000000000000110000
000000000000000000110000
000001110000000000110000
000001111000000000110000
000000111000000000110000
000000111100000001110000
000000011110000001110000
000000001111000011100000
000000000111110011100000
000000000011110111100000
000000000001111111000000
000000000000111110000000
000000000000000000000000
000000000000000000000000
000000000000000000000000
000000000000000000000000
000000000000000000000000
000000000000000000000000
000000000000000000000000
000000000000000000000000
000000000000000000000000
start_draw_0:
000000000000000000000000
000000000000000000000000
000000000000000000000000
000000000000000000000000
000011111100000000000000
000111111110000000000000
000111001110000000000000
001110000111000000000000
001110000111000000000000
001110000011100000000000
000111000011100000000000
000111110011111000000000
000111111111111000000000
000001111111110000000000
000000000000110000000000
000000000000110000000000
000000000000110000000000
000000000000110000000000
000000000000110000000000
000000011000110000000000
000000011000110000000000
000000011101110000000000
000000011101110000000000
000000011111110000000000
000000001111100000000000
000000001111100000000000
000000000111000000000000
000000000000000000000000
000000000000000000000000
000000000000000000000000
000000000000000000000000
000000000000000000000000
000000000000000000000000
000000000000000000000000
000000000000000000000000
000000000000000000000000
start_draw_0:
000000000000000000000000
000000000000000000000000
000000000000000000000000
000000000000000000000000
000000000000000000000000
000000000000000000000000
000000000000000000000000
000000000000000000000000
000000000000011100000000
000000000011111110000000
000000001111111110000000
000000011111000111000000
000000111100000111000000
000000111000000111000000
000000110000000011000000
000000110000000011000000
000000110000011011000000
000000111000011111000000
000000111110011111000000
000000011111111111000000
000000001111111011000000
000000000000000011000000
000000000000000111000000
000000000000000111000000
000000110000000111000000
000000111000000110000000
000000111000001110000000
000000011000011110000000
000000011110111100000000
000000011111111000000000
000000001111110000000000
000000000000000000000000
000000000000000000000000
000000000000000000000000
000000000000000000000000
000000000000000000000000
start_draw_0:
000000000000000000000000
000000000000000000000000
000000000000000000000000
000000000000000000000000
000000000000000000000000
000000000000000000000000
000000000000000000000000
000000111111000000000000
000000111111100000000000
000001110111110000000000
000001110001111000000000
000001100000111000000000
000001100000111000000000
000001100000111000000000
000001100000111000000000
000001110000111000000000
000001111000111000000000
000001111111111000000000
000000111111111000000000
000000001111111100000000
000000000000011100000000
000000000000001100000000
000000000000001110000000
000000000000001110000000
000000000000001110000000
000000000000000110000000
000000000000000111000000
000000000000000111000000
000000000000000011000000
000000000000000011000000
000000000000000000000000
000000000000000000000000
000000000000000000000000
000000000000000000000000
000000000000000000000000
000000000000000000000000
start_draw_0:
000000000000000000000000
000000000000000000000000
000000000000111000000000
000000000011111000000000
000000001111111000000000
000000011111011000000000
000000011100011000000000
000000011100011000000000
000000011000111000000000
000000011100111000000000
000000011111111000000000
000000011111111000000000
000000000000111000000000
000000000000111000000000
000000000000111000000000
000000000001110000000000
000000000001110000000000
000000000001110000000000
000000000011100000000000
000000000011100000000000
000000000011100000000000
000000000111000000000000
000000000111000000000000
000000000111000000000000
000000000110000000000000
000000001110000000000000
000000001110000000000000
000000000000000000000000
000000000000000000000000
000000000000000000000000
000000000000000000000000
000000000000000000000000
000000000000000000000000
000000000000000000000000
000000000000000000000000
000000000000000000000000
start_draw_0:
000000000000000000000000
000000000000000000000000
000000000000000000000000
000000000111111111000000
000000011111111111000000
000000111110000111000000
000000111100000011100000
000000110000000011100000
000000111000000011100000
000000111000000011100000
000000011100000011100000
000000011110000011100000
000000001111000111000000
000000000111111111000000
000000000011111111000000
000000000001111110000000
000000000000011110000000
000000000000011100000000
000000000000111100000000
000000000000111000000000
000000000000111000000000
000000000001110000000000
000000000001110000000000
000000000011100000000000
000000000011100000000000
000000000011100000000000
000000000011000000000000
000000000000000000000000
000000000000000000000000
000000000000000000000000
000000000000000000000000
000000000000000000000000
000000000000000000000000
000000000000000000000000
000000000000000000000000
000000000000000000000000
start_draw_0:
000000000000000000000000
000000000000000000000000
000000000000000000000000
000000000001111100000000
000000011111111110000000
000000111111111110000000
000001111100000110000000
000001110000000110000000
000001111000000110000000
000001111110000110000000
000000011111111110000000
000000001111111110000000
000000000001111110000000
000000000000001100000000
000000000000011100000000
000000000000011100000000
000000000000011100000000
000000000000011000000000
000000000000011000000000
000000000000011000000000
000000000000011000000000
000000000000111000000000
000000000000111000000000
000000000000111000000000
000000000000110000000000
000000000000000000000000
000000000000000000000000
000000000000000000000000
000000000000000000000000
000000000000000000000000
000000000000000000000000
000000000000000000000000
000000000000000000000000
000000000000000000000000
000000000000000000000000
000000000000000000000000
start_draw_0:
000000000000000000000000
000000000000000000000000
000000000000000000000000
000000000000000000000000
000000000000000000000000
000000000000000000000000
000000000011111100000000
000000011111111100000000
000000111111001110000000
000001111100001110000000
000001110000001110000000
000001100000000110000000
000001100000000110000000
000001110000000110000000
000001111100000110000000
000000111111100111000000
000000011111111111000000
000000000011111111000000
000000000000000110000000
000000000000000110000000
000000000000000110000000
000000000000000110000000
000000000000000110000000
000000000000000110000000
000000000000000110000000
000000000000000110000000
000000000000000110000000
000000000000000110000000
000000000000000110000000
000000000000000110000000
000000000000000110000000
000000000000000110000000
000000000000000000000000
000000000000000000000000
000000000000000000000000
000000000000000000000000
start_draw_0:
000000000000000000000000
000000000000000000000000
000000000000000000000000
000000001111000000000000
000000111111100000000000
000001111111100000000000
000011110011100000000000
000011100001100000000000
000111000001110000000000
000111000001110000000000
000111000001110000000000
000111000000110000000000
000111000000110000000000
000011110000110000000000
000011111000110000000000
000001111110110000000000
000000111111110000000000
000000001111110000000000
000000000001110000000000
000000000001110000000000
000000000001100000000000
000000000001100000000000
000000000001100000000000
000000000011100000000000
000000000011100000000000
000000000011100000000000
000000000011000000000000
000000000011000000000000
000000000011000000000000
000000000011000000000000
000000000011000000000000
000000000011000000000000
000000000000000000000000
000000000000000000000000
000000000000000000000000
000000000000000000000000
start_draw_0:
000000000000000000000000
000000000000000000000000
000000000000000000000000
000000000000000000111111
000000000000001111111111
000000000000111111111111
000000000011111110000011
000000000111110000000011
000000000111100000000011
000000000111000000000001
000000000111111111111111
000000000111111111111111
000000000000000000000001
000000000000000000000001
000000000000000000000001
000000001110000000000001
000000001110000000000011
000000001110000000000011
000000000110000000000011
000000000111000000000111
000000000111000000001111
000000000111100000011110
000000000011111001111110
000000000001111111111000
000000000000011111110000
000000000000000000000000
000000000000000000000000
000000000000000000000000
000000000000000000000000
000000000000000000000000
000000000000000000000000
000000000000000000000000
000000000000000000000000
000000000000000000000000
000000000000000000000000
000000000000000000000000