start_draw_0:
000000000000000000000000
000000000000000000000000
000000000000000000000000
000000000000000000000000
000000000000000000000000
000000000000000000000000
000000000000000000000000
000000000111100000000000
000000111111110000000000
000000111111110000000000
000001111001111000000000
000001110000111100000000
000001100000011100000000
000001100000011100000000
000000000000001100000000
000000000000001100000000
000000000000011100000000
000000000000011100000000
000000000000011100000000
000000000000011000000000
000000000000011000000000
000111100000111000000000
000111110011111000000000
000111111111110000000000
000111111111000000000000
000000111111000000000000
000000011111111111111100
000000000111111111111100
000000000000000000000000
000000000000000000000000
000000000000000000000000
000000000000000000000000
000000000000000000000000
000000000000000000000000
000000000000000000000000
000000000000000000000000
start_draw_0:
000000000000000000000000
000000000000000000000000
000000000000000000000000
000000000000000000000000
000000000000000000000000
000000000011111000000000
000000011111111000000000
000001111111011100000000
000001111100011100000000
000001100000011100000000
000001100000011100000000
000000000000011100000000
000000000000011100000000
000000000000111000000000
000000000000111000000000
000000000000111000000000
000000000001110000000000
000000000011110000000000
000000000111100000000000
000000000111000000000000
000000001111000000000000
000000011110000000000000
000000111100000000000000
000001111000000000000000
000011110000000000000000
111111100000000000000000
111111111100000000000000
111111111111111000000000
111100111111111000000000
000000000000000000000000
000000000000000000000000
000000000000000000000000
000000000000000000000000
000000000000000000000000
000000000000000000000000
000000000000000000000000
start_draw_0:
000000000000000000000000
000000000000000000000000
000000000000000000000000
000000000000000000000000
000000000000000000000000
000000000000000000000000
000011111111110000000000
000111111111111000000000
000111100000111100000000
000000000000011100000000
000000000000001100000000
000000000000001100000000
000000000000001100000000
000000000000011100000000
000000000000011100000000
000000000000011100000000
000000000000111000000000
000000000000111000000000
000000000001111000000000
000000000011110000000000
000000000011100111100000
000000000111111111100000
000000000111111111000000
000000000111111000000000
000000000000000000000000
000000000000000000000000
000000000000000000000000
000000000000000000000000
000000000000000000000000
000000000000000000000000
000000000000000000000000
000000000000000000000000
000000000000000000000000
000000000000000000000000
000000000000000000000000
000000000000000000000000
start_draw_0:
000000000000000000000000
000000000000000000000000
000000000000000000000000
000000000000000000000000
000000000011111111000000
000000000011111111000000
000000000011100011100000
000000000000000011100000
000000000000000011100000
000000000000000011100000
000000000000000011100000
000000000000000011100000
000000000000000111000000
000000000000000111000000
000000000000001110000000
000000000000011110000000
000000000000111100000000
000000000001111111111100
000000000001111111111100
000000000001111111000000
000000000000000000000000
000000000000000000000000
000000000000000000000000
000000000000000000000000
000000000000000000000000
000000000000000000000000
000000000000000000000000
000000000000000000000000
000000000000000000000000
000000000000000000000000
000000000000000000000000
000000000000000000000000
000000000000000000000000
000000000000000000000000
000000000000000000000000
000000000000000000000000
start_draw_0:
000000000000000000000000
000000000000000000000000
000000000000000000000000
000000000000000000000000
000000000000000000000000
000000000000000000000000
000000000000000000000000
000000000000000000000000
000000000000000000000000
000000000000000000000000
000000000000000000000000
000000000000000000000000
000000000000000000000000
000000000000000000000000
000000000000000000000000
000000000000000000000000
000000000000000000000000
000000000000000000000000
000000000000000000000000
000000000000000000000000
000000000000000000000000
000111111110000000000000
000111111110000000000000
000000001110000000000000
000000001110000000000000
000000011110000000000000
000000011100000000000000
000000111000000000000000
000001111000000000000000
000011110011110000000000
000011111111110000000000
000011111111000000000000
000011111000000000000000
000000000000000000000000
000000000000000000000000
000000000000000000000000
start_draw_0:
000000000000000000000000
000000000000000000000000
000000000000000000000000
000000000000000000000000
000000000000000000000000
000000000000000000000000
000000000000000000000000
000000000000000000000000
000000000000000000000000
000000000000000000000000
000000000000000000000000
000000000000000000000000
000000000000000000000000
000000000000000000000000
000000000000000000000000
000000000000000000000000
000000000000000000000000
000000000000000000000000
000000000000000000000000
000000000000000000000000
000000000000000000000000
000000000000000000000000
000000000000000000000000
000000000000000000000000
000000000000000001100000
000000000000000001110000
000000000000000001110000
000000000000000001110000
000000000000000001110000
000000000000000001110000
000000000000000011110000
000000000000000011100011
000000000000000111001111
000000000000000111111111
000000000000000111111100
000000000000000000000000
start_draw_0:
000000000000000000000000
000000000000000000000000
001111111100000000000000
001111111111000000000000
001110001111000000000000
000000000111000000000000
000000000011000000000000
000000000011000000000000
000000000111000000000000
000000000111000000000000
000000000111000000000000
000000001110000000000000
000000001110000000000000
000000011110000000000000
000000011100000000000000
000000111100000000000000
000001111001111110000000
000011111111111110000000
000111111111110000000000
000111111000000000000000
000000000000000000000000
000000000000000000000000
000000000000000000000000
000000000000000000000000
000000000000000000000000
000000000000000000000000
000000000000000000000000
000000000000000000000000
000000000000000000000000
000000000000000000000000
000000000000000000000000
000000000000000000000000
000000000000000000000000
000000000000000000000000
000000000000000000000000
000000000000000000000000
start_draw_0:
000000000000000000000000
000000000000000000000000
000000000000000000000000
000000000000000000000000
000000000000000000000000
000000000000000000000000
000000000000000000000000
000011111111100000000000
000011111111110000000000
000011100001110000000000
000000000000110000000000
000000000000110000000000
000000000000110000000000
000000000001110000000000
000000000001110000000000
000000000011100000000000
000000000011100000000000
000000000011100000000000
000000000111000000000000
000000000111000000000000
000000001110000000000000
000000001110000000000000
000000011100000110000000
000000011100111110000000
000000011011111110000000
000000111111110000000000
000000111111000000000000
000000111110000000000000
000000000000000000000000
000000000000000000000000
000000000000000000000000
000000000000000000000000
000000000000000000000000
000000000000000000000000
000000000000000000000000
000000000000000000000000
start_draw_0:
000000000000000000000000
000000000000000000000000
000000000000000000000000
000001111100000000000000
000001111110000000000000
000001111111000000000000
000000000111000000000000
000000000111000000000000
000000000011000000000000
000000000111000000000000
000000001111000000000000
000000011110000000000000
000001111110000000000000
000001111111111111110000
000001111111111111110000
000000000000000000000000
000000000000000000000000
000000000000000000000000
000000000000000000000000
000000000000000000000000
000000000000000000000000
000000000000000000000000
000000000000000000000000
000000000000000000000000
000000000000000000000000
000000000000000000000000
000000000000000000000000
000000000000000000000000
000000000000000000000000
000000000000000000000000
000000000000000000000000
000000000000000000000000
000000000000000000000000
000000000000000000000000
000000000000000000000000
000000000000000000000000
start_draw_0:
000000000000000000000000
000000000000000000000000
000000000000000000000000
000000000000000000000000
000000000000000000000000
000000000000000000000000
000001111111000000000000
000001111111100000000000
000000000011100000000000
000000000001110000000000
000000000001110000000000
000000000000110000000000
000000000000111000000000
000000000000111000000000
000000000001111000000000
000000000111110000000000
000000001111100000000000
000000111110000000000000
000011111100000000000000
000011111111111111111000
000011111111111111111000
000000000000001111111000
000000000000000000000000
000000000000000000000000
000000000000000000000000
000000000000000000000000
000000000000000000000000
000000000000000000000000
000000000000000000000000
000000000000000000000000
000000000000000000000000
000000000000000000000000
000000000000000000000000
000000000000000000000000
000000000000000000000000
000000000000000000000000
start_draw_0:
000000000000000000000000
000000000000000000000000
000000000000000000000000
000000000000000000000000
000000000000000000000000
000000000000000000000000
000000000000000000000000
000000000000000000000000
000000000000000000000000
000000000000000000000000
000000000000000000000000
000000000000000000000000
000000000000000000000000
000000000000000000000000
000000000000000000000000
000000000000000000000000
000000000000000000000000
000000000000000000000000
000000000000000000000000
000000000000000000000000
000000000000000000000000
000000000000000000000000
000000000000000000000000
000000011110000000000000
000000011111100000000000
000000000111100000000000
000000000111100000000000
000000111111100000000000
000000111111111100000000
000000011111111100000000
000000000000000000000000
000000000000000000000000
000000000000000000000000
000000000000000000000000
000000000000000000000000
000000000000000000000000
start_draw_0:
000000000000000000000000
000000000000000000000000
000001111100000000000000
000011111111000000000000
000011111111100000000000
000000000011110000000000
000000000001110000000000
000000000001111000000000
000000000000111000000000
000000000000011000000000
000000000000011000000000
000000000000011000000000
000000000000011000000000
000000000000011000000000
000000000000011000000000
000000000000111000000000
000000000000111000000000
000000000001110000000000
000000000111110000000000
000000001111100000000000
000001111111000000000000
000111111100000000000000
011111110000000000000000
111111000000000000000000
111111111111111111000000
111111111111111111100000
000000000000000111100000
000000000000000000000000
000000000000000000000000
000000000000000000000000
000000000000000000000000
000000000000000000000000
000000000000000000000000
000000000000000000000000
000000000000000000000000
000000000000000000000000
start_draw_0:
000000000000000000000000
000000000000000000000000
000000000000000000000000
000000000000000000000000
000000000000000000000000
000000111111110000000000
000001111111110000000000
000001110001110000000000
000000000000110000000000
000000000000111000000000
000000000000111000000000
000000000000111000000000
000000000000111000000000
000000000000111000000000
000000000001111000000000
000000000011110000000000
000000001111110000000000
000000011111000000000000
000011111110000000000000
000111111000000000000000
001111100000000000000000
011111111111111111000000
011111111111111111000000
000000000000000000000000
000000000000000000000000
000000000000000000000000
000000000000000000000000
000000000000000000000000
000000000000000000000000
000000000000000000000000
000000000000000000000000
000000000000000000000000
000000000000000000000000
000000000000000000000000
000000000000000000000000
000000000000000000000000
start_draw_0:
011111100000000000000000
011111100000000000000000
000001100000000000000000
000001100000000000000000
000011100000000000000000
001111100000000000000000
111111000000000000000000
111111111000000000000000
111111111000000000000000
000000000000000000000000
000000000000000000000000
000000000000000000000000
000000000000000000000000
000000000000000000000000
000000000000000000000000
000000000000000000000000
000000000000000000000000
000000000000000000000000
000000000000000000000000
000000000000000000000000
000000000000000000000000
000000000000000000000000
000000000000000000000000
000000000000000000000000
000000000000000000000000
000000000000000000000000
000000000000000000000000
000000000000000000000000
000000000000000000000000
000000000000000000000000
000000000000000000000000
000000000000000000000000
000000000000000000000000
000000000000000000000000
000000000000000000000000
000000000000000000000000
start_draw_0:
000000000000011100000000
000000000000011110000000
000000000000011110000000
000000000000000110000000
000000000000000110000000
000000000000001110000000
000000000000111110000000
000000000011111100000000
000000000111111111111111
000000000111111111111111
000000000000000000000000
000000000000000000000000
000000000000000000000000
000000000000000000000000
000000000000000000000000
000000000000000000000000
000000000000000000000000
000000000000000000000000
000000000000000000000000
000000000000000000000000
000000000000000000000000
000000000000000000000000
000000000000000000000000
000000000000000000000000
000000000000000000000000
000000000000000000000000
000000000000000000000000
000000000000000000000000
000000000000000000000000
000000000000000000000000
000000000000000000000000
000000000000000000000000
000000000000000000000000
000000000000000000000000
000000000000000000000000
000000000000000000000000
start_draw_0:
000000000000000000000000
000000000000000000000000
000000000000000000000000
000000000000000000000000
000000000000000000000000
000000000000000000000000
000000000000000000000000
000000000000000000000000
000000000000000000000000
000000000000000000000000
000000000000000000000000
000000000000000000000000
000000000000000000000000
000000000000000000000000
000000000000000000000000
000000000000000000000000
000000000000000000000000
000011111100000000000000
000011111110000000000000
000000011110000000000000
000000000110000000000000
000000000110000000000000
000000000110000000000000
000000011110000000000000
000001111110000000000000
001111111000000000000000
111111100000000000000000
111111111111111111110000
111111111111111111110000
000000000000000000000000
000000000000000000000000
000000000000000000000000
000000000000000000000000
000000000000000000000000
000000000000000000000000
000000000000000000000000
start_draw_0:
000000000000000000000000
000000000000000000000000
000000000000000000000000
000000000000000000000000
000000000000000000000000
000000000000000000000000
000000000000000000000000
000000000000000000000000
000000000000000000000000
000000000000000000000000
000000000000000000000000
000011111000000000000000
000111111100000000000000
000111111110000000000000
000111001110000000000000
000110001110000000000000
000110000110000000000000
000000001110000000000000
000000001110000000000000
000000111110000000000000
000001111100000000000000
000011111111100000000000
000011111111100000000000
000000000000000000000000
000000000000000000000000
000000000000000000000000
000000000000000000000000
000000000000000000000000
000000000000000000000000
000000000000000000000000
000000000000000000000000
000000000000000000000000
000000000000000000000000
000000000000000000000000
000000000000000000000000
000000000000000000000000
start_draw_0:
000000000000000000000000
000000000000000000000000
000001111111000000000000
000001111111100000000000
000000000011110000000000
000000000001110000000000
000000000000110000000000
000000000000110000000000
000000000000110000000000
000000000000110000000000
000000000000110000000000
000000000011110000000000
000000000111110000000000
000000011111100000000000
000001111110000000000000
000111111000000000000000
001111111111100000000000
011111111111111111110000
011111111111111111110000
000000000000000000000000
000000000000000000000000
000000000000000000000000
000000000000000000000000
000000000000000000000000
000000000000000000000000
000000000000000000000000
000000000000000000000000
000000000000000000000000
000000000000000000000000
000000000000000000000000
000000000000000000000000
000000000000000000000000
000000000000000000000000
000000000000000000000000
000000000000000000000000
000000000000000000000000
start_draw_0:
000000000000000000000000
000000000000000000000000
000000000000000000000000
001111111100000000000000
011111111100000000000000
011100011100000000000000
011000001110000000000000
000000001110000000000000
000000001110000000000000
000000000110000000000000
000000000110000000000000
000000000110000000000000
000000001110000000000000
000000001110000000000000
000000011110000000000000
000000011100000000000000
000000111100000000000000
000001111000000000000000
000001111000000000000000
000011111111111111000000
000011111111111111000000
000001111111111111000000
000000000000000000000000
000000000000000000000000
000000000000000000000000
000000000000000000000000
000000000000000000000000
000000000000000000000000
000000000000000000000000
000000000000000000000000
000000000000000000000000
000000000000000000000000
000000000000000000000000
000000000000000000000000
000000000000000000000000
000000000000000000000000
start_draw_0:
000000000000000000000000
000000000000000000000000
000000000000000000000000
000000000111110000000000
000000000111111100000000
000000000000111110000000
000000000000001111000000
000000000000000111100000
000000000000000011110000
000000000000000001110000
000000000000000001110000
000000000000000000110000
000000000000000000110000
000000000000000000110000
000000000000000001110000
000000000000000001110000
000000000000000011100000
000000000000000111100000
000000000000001111000000
000000000000011110000000
000000000000011110000000
000000000000111100000000
000000000000111110000000
000000000000011111111100
000000000000001111111111
000000000000000000111111
000000000000000000000000
000000000000000000000000
000000000000000000000000
000000000000000000000000
000000000000000000000000
000000000000000000000000
000000000000000000000000
000000000000000000000000
000000000000000000000000
000000000000000000000000
start_draw_0:
000000000000000000000000
000000000000000000000000
000000000000000000000000
000000000000000000000000
000000000000000000000000
000000000000000000000000
000000000000000000000000
011111000000000000000000
111111110000000000000000
111111111000000000000000
000001111000000000000000
000000111000000000000000
000000011100000000000000
000000011100000000000000
000000001100000000000000
000000001100000000000000
000000001100000000000000
000000001100000000000000
000000001100000000000000
000000011100000000000000
000000111100000000000000
000000111000000000000000
000001111000000000000000
000011110000000000000000
000111100000000000000000
000111000000000000000000
000111111000000000000000
000011111111111110000000
000000111111111111111000
000000000000011111111000
000000000000000000000000
000000000000000000000000
000000000000000000000000
000000000000000000000000
000000000000000000000000
000000000000000000000000
start_draw_0:
000000000000000000000000
000000000000000000000000
000111111100000000000000
011111111110000000000000
011111001110000000000000
000000001110000000000000
000000000110000000000000
000000000110000000000000
000000000110000000000000
000000000110000000000000
000000000110000000000000
000000001110000000000000
000000001110000000000000
000000011110000000000000
000000011100000000000000
000000011100000000000000
000000111000000000000000
000000111000000000000000
000000110000000000000000
000000110000000000000000
000001110000000000000000
000001110000000000000000
000001110000011111000000
000000111111111111000000
000000111111111100000000
000000000000000000000000
000000000000000000000000
000000000000000000000000
000000000000000000000000
000000000000000000000000
000000000000000000000000
000000000000000000000000
000000000000000000000000
000000000000000000000000
000000000000000000000000
000000000000000000000000
start_draw_0:
000000000000000000000000
000000000000000000000000
000000000000000000000000
000000011110000000000000
000000011111000000000000
000000000111100000000000
000000000011110000000000
000000000001111000000000
000000000000111000000000
000000000000111000000000
000000000000011000000000
000000000000011000000000
000000000000111000000000
000000000000111000000000
000000000000111000000000
000000000001110000000000
000000000001110000000000
000000000011100000000000
000000000111100000000000
000000000111000000000000
000000001111000000000000
000000011110000000000000
000000111100000000000000
000000111000000000000000
000000111111111000000000
000000111111111111110000
000000000000111111110000
000000000000000000000000
000000000000000000000000
000000000000000000000000
000000000000000000000000
000000000000000000000000
000000000000000000000000
000000000000000000000000
000000000000000000000000
000000000000000000000000
start_draw_0:
000000000000000000000000
000000000000000000000000
000000000000000000000000
000000000000000000000000
000000000000000000000000
000000000000000000000000
000000000000000000000000
000000000000000000000000
000000000000000000000000
000000000000000000000000
000000000000000000000000
000000000000000000000000
000000000000000000000000
000000000000000000000000
000000000000000000000000
000000000000000000000000
000000000000000000000000
000000000000000000000000
000000000000000000000000
000000000000000000000000
000000000000000000000000
000000000000000000000000
000000000000000000000000
000111110000000000000000
001111110000000000000000
001110110000000000000000
000000110000000000000000
000000110000000000000000
000001110000000000000000
000011110000000000000000
000011100000000000000000
000111111111111111111000
000111111111111111111000
000000000000000000000000
000000000000000000000000
000000000000000000000000
start_draw_0:
000000000000000000000000
000000000000000000000000
000000000000000000000000
000000000000000000000000
000000000000000000000000
000000000000000000000000
000000000000000000000000
000000000000000000000000
000000000000000000000000
000000000000000000000000
000000000000000000000000
000000000000000000000000
000000000000000000000000
000000000000000000000000
000000000000000000000000
000000000000000000000000
000000000000000000000000
000000000000000000000000
000000000000000000000000
000000000000000000000000
000000000000000000000000
000000000000000000000000
000000000000000000000000
000000000000000000000000
000000000011111100000000
000000000011111100000000
000000000000011100000000
000000000000001100000000
000000000000001100000000
000000000000001100000000
000000000000011100000000
000000000001111100000000
000000000011111111111100
000000000011111111111100
000000000011111111100000
000000000000000000000000
start_draw_0:
000000000000000000000000
000000000000000000000000
000000000000000000000000
111111100000000000000000
111111100000000000000000
000011110000000000000000
000001110000000000000000
000000110000000000000000
000000110000000000000000
000000111000000000000000
000000111000000000000000
000000111000000000000000
000001111000000000000000
000001110000000000000000
000011100000000000000000
000111100000000000000000
000111000000000000000000
000111111111100000000000
000111111111100000000000
000000000111100000000000
000000000000000000000000
000000000000000000000000
000000000000000000000000
000000000000000000000000
000000000000000000000000
000000000000000000000000
000000000000000000000000
000000000000000000000000
000000000000000000000000
000000000000000000000000
000000000000000000000000
000000000000000000000000
000000000000000000000000
000000000000000000000000
000000000000000000000000
000000000000000000000000
start_draw_0:
000000000000000000000000
000000000000000000000000
000000011111100000000000
000000011111111000000000
000000000011111100000000
000000000000111100000000
000000000000011100000000
000000000000011100000000
000000000000111000000000
000000000000111000000000
000000000001110000000000
000000000011110000000000
000000000111100000000000
000000001111000000000000
000000001110000000000000
000000001111111111110000
000000001111111111110000
000000000000000000000000
000000000000000000000000
000000000000000000000000
000000000000000000000000
000000000000000000000000
000000000000000000000000
000000000000000000000000
000000000000000000000000
000000000000000000000000
000000000000000000000000
000000000000000000000000
000000000000000000000000
000000000000000000000000
000000000000000000000000
000000000000000000000000
000000000000000000000000
000000000000000000000000
000000000000000000000000
000000000000000000000000
start_draw_0:
000000000000000000000000
000000000000000000000000
000000000000000000000000
000000000000000000000000
000000000000000000000000
000000000000000000000000
000000000000000000000000
000000000000000000000000
000000000000000000000000
000000000000000000000000
000000000000000000000000
000000000000000000000000
000000000000000000000000
000000000000000000000000
000000000000000000000000
000000000000000000000000
000000000000000000000000
011110000000000000000000
011111100000000000000000
000111110000000000000000
000001110000000000000000
000000110000000000000000
000000110000000000000000
000001110000000000000000
000001110000000000000000
000011110000000000000000
000011100000000000000000
000111100000000000000000
000111000000000000000000
000111100000000000000000
000111111111111100000000
000011111111111100000000
000000000000000000000000
000000000000000000000000
000000000000000000000000
000000000000000000000000
start_draw_0:
000000000000000000000000
000000000000000000000000
000000000000000000000000
000000000000000000000000
000000000000000000000000
000000000000000000000000
000000000000000000000000
000000000000000000000000
000000000000000000000000
000000000000000000000000
000000000000000000000000
000000000000000000000000
000000000000000000000000
000000000000000000000000
000000000000000000000000
000000000000000000000000
000000000000000000000000
000000000000000000000000
000000000111110000000000
000000000111111100000000
000000000001111100000000
000000000000011110000000
000000000000001110000000
000000000000001110000000
000000000000011100000000
000000000000011100000000
000000000000111100000000
000000000001111000000000
000000000001110000000000
000000000011111111111110
000000000011111111111110
000000000000000000000000
000000000000000000000000
000000000000000000000000
000000000000000000000000
000000000000000000000000
start_draw_0:
000000000000000000000000
000000000000000000000000
000000000000000000000000
000000000000000000000000
000000000000000000000000
000000000000000000000000
000000000000000000000000
000000000000000000000000
000000000111000000000000
000000000111100000000000
000000000111111000000000
000000000001111000000000
000000000000111000000000
000000000000011000000000
000000000000011100000000
000000000000011100000000
000000000000011100000000
000000000000011000000000
000000000000111000000000
000000000000111000000000
000000000001110000000000
000000000001110000000000
000000000011110000000000
000000000011100000000000
000000000111100000000000
000000000111000000000000
000000000110000000000000
000000000110000000000000
000000000111111111111111
000000000111111111111111
000000000000000000000000
000000000000000000000000
000000000000000000000000
000000000000000000000000
000000000000000000000000
000000000000000000000000
start_draw_0:
000000000000000000000000
000000000000000000000000
000000000000000000000000
000000000000000000000000
000000000000000000000000
000000000000000000000000
000000000000000000000000
000000000000000000000000
000000000000000000000000
000011100000000000000000
000011111000000000000000
000011111000000000000000
000000111000000000000000
000000011000000000000000
000000011000000000000000
000000011000000000000000
000000011000000000000000
000000111000000000000000
000001111000000000000000
000001110000000000000000
000011110000000000000000
000111100000000000000000
001111000000000000000000
001110000000000000000000
001110000000000000000000
001111111111111110000000
001111111111111110000000
000000000000000000000000
000000000000000000000000
000000000000000000000000
000000000000000000000000
000000000000000000000000
000000000000000000000000
000000000000000000000000
000000000000000000000000
000000000000000000000000
start_draw_0:
000000000000000000000000
000000000000000000000000
000000000000000000000000
000000000000000000000000
000111111000000000000000
000111111100000000000000
000111111110000000000000
000000001110000000000000
000000000110000000000000
000000000110000000000000
000000001110000000000000
000000001110000000000000
000000011100000000000000
000000111100000000000000
000001111000000000000000
000111111000000000000000
001111110000000000000000
001111111000000000000000
000001111100000000000000
000000011111000000000000
000000001111111100000000
000000000111111100000000
000000000000111100000000
000000000000000000000000
000000000000000000000000
000000000000000000000000
000000000000000000000000
000000000000000000000000
000000000000000000000000
000000000000000000000000
000000000000000000000000
000000000000000000000000
000000000000000000000000
000000000000000000000000
000000000000000000000000
000000000000000000000000
start_draw_0:
000000000000000000000000
000000000000000000000000
000000000000000000000000
000000000000000000000000
000000000000000000000000
000000000000000000000000
000000011111111000000000
000000011111111100000000
000000000001111100000000
000000000000011100000000
000000000000001100000000
000000000000001100000000
000000000000001100000000
000000000000011100000000
000000000000011100000000
000000000000111000000000
000000000001111000000000
000111111011110000000000
001111111111100000000000
011111111111000000000000
011101111111000000000000
011111111111100000000000
011111100011100000000000
000000000011111000000000
000000000001111111111100
000000000000111111111100
000000000000000001110000
000000000000000000000000
000000000000000000000000
000000000000000000000000
000000000000000000000000
000000000000000000000000
000000000000000000000000
000000000000000000000000
000000000000000000000000
000000000000000000000000
start_draw_0:
000000000000000000000000
000000000000000000000000
000000000000000000000000
000000000000000000000000
000000000000000000000000
000000000000000000000000
000011100000000000000000
000111100000000000000000
000111110000000000000000
000001110000000000000000
000001110000000000000000
000000110000000000000000
000000110000000000000000
000000110000000000000000
000000110000000000000000
000001110000000000000000
000001110000000000000000
000001110000000000000000
000001110000000000000000
000011100000000000000000
111111100000000000000000
111111000000000000000000
011111100000000000000000
111111110000000000000000
111011111000000000000000
100001111100000000000000
000000111111000000000000
000000001111110000000000
000000000111110000000000
000000000000000000000000
000000000000000000000000
000000000000000000000000
000000000000000000000000
000000000000000000000000
000000000000000000000000
000000000000000000000000
start_draw_0:
000000000000000000000000
000000000000000000000000
000000000000000000000000
000000000000000000000000
000000111100000000000000
000000111111100000000000
000000111111110000000000
000000000011111100000000
000000000000111100000000
000000000000011110000000
000000000000001110000000
000000000000001110000000
000000000000000110000000
000000000000000110000000
000000000000001110000000
000000000000011110000000
000000000000011110000000
000000000000111100000000
000000000001111000000000
000000001111110000000000
000000111111100000000000
000000111111110000000000
000000111011110000000000
000000000001111000000000
000000000000111100000000
000000000000011111000000
000000000000001111111000
000000000000000111111000
000000000000000000000000
000000000000000000000000
000000000000000000000000
000000000000000000000000
000000000000000000000000
000000000000000000000000
000000000000000000000000
000000000000000000000000
start_draw_0:
000000000000000000000000
000000000000000000000000
000111100000000000000000
000111110000000000000000
000001111000000000000000
000000111000000000000000
000000011100000000000000
000000011100000000000000
000000001110000000000000
000000001110000000000000
000000001110000000000000
000000000110000000000000
000000000110000000000000
000000001110000000000000
000000011110000000000000
000000111100000000000000
000011111000000000000000
011111111000000000000000
111111100000000000000000
111111000000000000000000
000111100000000000000000
000011111000000000000000
000001111100000000000000
000000111111111000000000
000000001111111000000000
000000000001110000000000
000000000000000000000000
000000000000000000000000
000000000000000000000000
000000000000000000000000
000000000000000000000000
000000000000000000000000
000000000000000000000000
000000000000000000000000
000000000000000000000000
000000000000000000000000
start_draw_0:
000000000000000000000000
000000000000000000000000
000000000000000000000000
000000000000000000000000
000000000000000000000000
000000000000000000000000
000000000000000000000000
000000000000000000000000
000000000000000000000000
000000000000000000000000
000000000000000000000000
000000000000000000000000
000000000000000000000000
000000000000000000000000
000000000000000000000000
000000000000000000000000
000000000000000000000000
000000000000000000000000
000000000000000000000000
011111100000000000000000
011111111000000000000000
000011111100000000000000
000000011100000000000000
000000001110000000000000
000000001110000000000000
000000001110000000000000
000000001110000000000000
000000001110000000000000
000000111110000000000000
000001111100000000000000
011111111100000000000000
011111111111111111000000
011100011111111111000000
000000000001111111000000
000000000000000000000000
000000000000000000000000
start_draw_0:
000000000000000000000000
000000000000000000000000
000000000000000000000000
000000000000000000000000
000000000000000000000000
000000000000000000000000
000000000000000000000000
000000000000000000000000
000000000000000000000000
000000000000000000000000
000000000000000000000000
000000000000000000000000
000000000000000000000000
000000000000000000000000
000000000000000000000000
000000000000000000000000
000000000000000000000000
000000000000000000000000
000000000000000000000000
000000000000000000000000
000000000111111100000000
000000000111111100000000
000000000000011100000000
000000000000011100000000
000000000000011100000000
000000000000111000000000
000000000001111000000000
000000000011110000000000
000000000111110000000000
000000000111100000000000
000000001111000000000000
000000011111111111110000
000000011111111111110000
000000011111111111110000
000000000000000000000000
000000000000000000000000
start_draw_0:
000000000000000000000000
000000000000000000000000
011111110000000000000000
011111111000000000000000
011100111000000000000000
000000011000000000000000
000000011000000000000000
000000111000000000000000
000000111000000000000000
000001110000000000000000
000011110000000000000000
000011100000000000000000
000111100000000000000000
001111000000000000000000
011110000000000000000000
111100000000000000000000
111000000000000000000000
111111111111000000000000
111111111111000000000000
000000000000000000000000
000000000000000000000000
000000000000000000000000
000000000000000000000000
000000000000000000000000
000000000000000000000000
000000000000000000000000
000000000000000000000000
000000000000000000000000
000000000000000000000000
000000000000000000000000
000000000000000000000000
000000000000000000000000
000000000000000000000000
000000000000000000000000
000000000000000000000000
000000000000000000000000
start_draw_0:
000000000000000000000000
000000000000000000000000
000000000000000000000000
000000000000000000000000
000000001111100000000000
000000001111111000000000
000000000011111110000000
000000000000011111000000
000000000000000111100000
000000000000000011100000
000000000000000001100000
000000000000000001100000
000000000000000011100000
000000000000000111100000
000000000000001111000000
000000000000011110000000
000000000000111110000000
000000000011111000000000
000000000111110000000000
000000001111100000000000
000000111110000000000000
000000111100000000000000
000000111111110000000000
000000111111111100000000
000000000001111100000000
000000000000000000000000
000000000000000000000000
000000000000000000000000
000000000000000000000000
000000000000000000000000
000000000000000000000000
000000000000000000000000
000000000000000000000000
000000000000000000000000
000000000000000000000000
000000000000000000000000
start_draw_0:
000000000000000000000000
000000000000000000000000
000000000000000000000000
000000000000000000000000
000000000000000000000000
000000000000000000000000
000111111110000000000000
000111111111000000000000
000111000111000000000000
000000000011000000000000
000000000011000000000000
000000000111000000000000
000000001111000000000000
000000001110000000000000
000000011110000000000000
000000111100000000000000
000001111000000000000000
000011110000000000000000
000111100000000000000000
001111000000000000000000
011110000000000000000000
011111111111111100000000
011111111111111100000000
000000000000000000000000
000000000000000000000000
000000000000000000000000
000000000000000000000000
000000000000000000000000
000000000000000000000000
000000000000000000000000
000000000000000000000000
000000000000000000000000
000000000000000000000000
000000000000000000000000
000000000000000000000000
000000000000000000000000
start_draw_0:
000000000000000000000000
000000000000000000000000
000000000000000000000000
000000000000000000000000
000000000000000000000000
000000000000000000000000
000000000000000000000000
000000000000000000000000
001111111100000000000000
011111111111000000000000
011110011111100000000000
011000000011100000000000
000000000001110000000000
000000000001110000000000
000000000001110000000000
000000000000110000000000
000000000000110000000000
000000000000110000000000
000000000001110000000000
000000000011110000000000
000000000111100000000000
000000001111000000111110
000000011111111111111110
000000011111111111111100
000000000000000000000000
000000000000000000000000
000000000000000000000000
000000000000000000000000
000000000000000000000000
000000000000000000000000
000000000000000000000000
000000000000000000000000
000000000000000000000000
000000000000000000000000
000000000000000000000000
000000000000000000000000
start_draw_0:
000000000000000000000000
000000000000000000000000
000000000000000000000000
000000000000000000000000
000000000000000000000000
000000000000000000000000
000000000000000000000000
000000000000000000000000
000000000000000000000000
000000000000000000000000
000000000000000000000000
000000000000000000000000
000000000000000000000000
000000000000000000000000
000000000000000000000000
000000000000000000000000
000000000000000000000000
000000000000000000000000
000000000000000000000000
000000000000000000000000
000000000000000000000000
000000000000000000000000
000001111110000000000000
001111111110000000000000
011111110110000000000000
011100000110000000000000
000000001110000000000000
000000001110000000000000
000000011110000000000000
000000111100000000000000
000000111100000000000000
000001111111000110000000
000001111111111110000000
000001111111111110000000
000000000000000000000000
000000000000000000000000
start_draw_0:
000000000000000000000000
000000000000000000000000
000000000000000000000000
000000000000000000000000
000000000000000000000000
000000000000000000000000
000000000000000000000000
000000000000000000000000
000000000000000000000000
000000000000000000000000
000000000000000000000000
000000000000000000000000
000000000000000000000000
000000000000000000000000
000000000000000000000000
000000000000000000000000
000000000000000000000000
000000000000000000000000
000000000000000000000000
000000000000000000000000
000000000000000000000000
000000000000000000000000
000000000000000000000000
000000111110000000000000
000001111111111100000000
000001111111111100000000
000000000000011100000000
000000000000001100000000
000000000000001100000000
000000000000011100000000
000000000000011111111100
000000000000011111111100
000000000000000000000000
000000000000000000000000
000000000000000000000000
000000000000000000000000
start_draw_0:
000000000000000000000000
000000000000000000000000
000000000000000000000000
000000111100000000000000
000001111110000000000000
000001111110000000000000
000000001110000000000000
000000011100000000000000
000000111100000000000000
000001111000000000000000
000011110000000000000000
000011111100000000000000
000011111111111100000000
000000011111111100000000
000000000000011100000000
000000000000000000000000
000000000000000000000000
000000000000000000000000
000000000000000000000000
000000000000000000000000
000000000000000000000000
000000000000000000000000
000000000000000000000000
000000000000000000000000
000000000000000000000000
000000000000000000000000
000000000000000000000000
000000000000000000000000
000000000000000000000000
000000000000000000000000
000000000000000000000000
000000000000000000000000
000000000000000000000000
000000000000000000000000
000000000000000000000000
000000000000000000000000
start_draw_0:
000000000000000000000000
000000000000000000000000
000000000000011110000000
000000000000011111100000
000000000000011111110000
000000000000000001110000
000000000000000001110000
000000000000000001110000
000000000000000001100000
000000000000000011100000
000000000000000111100000
000000000000001111000000
000000000000011110000000
000000000000111100000000
000000000001111000000000
000000000011110000000000
000000000011100000000000
000000000011111110000000
000000000011111111111000
000000000000001111111000
000000000000000000000000
000000000000000000000000
000000000000000000000000
000000000000000000000000
000000000000000000000000
000000000000000000000000
000000000000000000000000
000000000000000000000000
000000000000000000000000
000000000000000000000000
000000000000000000000000
000000000000000000000000
000000000000000000000000
000000000000000000000000
000000000000000000000000
000000000000000000000000
start_draw_0:
000000000000000000000000
000000000000000000000000
000110000000000000000000
001111100000000000000000
001111111000000000000000
000001111000000000000000
000000111100000000000000
000000011100000000000000
000000001100000000000000
000000001100000000000000
000000001100000000000000
000000001100000000000000
000000011100000000000000
000000111100000000000000
000001111000000000000000
000011110000000000000000
001111100000000000000000
001111000000000000000000
011100000000000000000000
011111111111100000000000
011111111111100000000000
000000000000000000000000
000000000000000000000000
000000000000000000000000
000000000000000000000000
000000000000000000000000
000000000000000000000000
000000000000000000000000
000000000000000000000000
000000000000000000000000
000000000000000000000000
000000000000000000000000
000000000000000000000000
000000000000000000000000
000000000000000000000000
000000000000000000000000
start_draw_0:
000000000000000000000000
000000000000000000000000
000000000000000000000000
000000000000000000000000
000000000000000000000000
000000000000000000000000
000000000000000000000000
000011111111000000000000
000011111111110000000000
000000000011111000000000
000000000000111000000000
000000000000111100000000
000000000000011100000000
000000000000001100000000
000000000000001100000000
000000000000001100000000
000000000000001110000000
000000000000001110000000
000000000000001100000000
001111111100001100000000
011111111110011100000000
011110011111111100000000
011000000111111000000000
011100000011110000000000
011100001111110000000000
001111111111110000000000
001111111110111000000000
000011110000111100000000
000000000000011110000000
000000000000001111111000
000000000000000111111000
000000000000000001110000
000000000000000000000000
000000000000000000000000
000000000000000000000000
000000000000000000000000
start_draw_0:
000000000000000000000000
000000000000000000000000
000000000000000000000000
000001111111111000000000
000001111111111110000000
000001110000111111000000
000000000000000111100000
000000000000000011100000
000000000000000011100000
000000000000000011100000
000000000000000011100000
000000000000000011100000
000000000000000011100000
000000000000000111000000
000000000000001111000000
000000000000011110000000
000000000000111100000000
000000000011111000000000
000000001111111000000000
000000001111111100000000
000000000000111110000000
000000000000001111000000
000000000000000111100000
000000000000000011100000
000000000000000001110000
000000000000000001111000
000000000000000000111000
000000000000000000000000
000000000000000000000000
000000000000000000000000
000000000000000000000000
000000000000000000000000
000000000000000000000000
000000000000000000000000
000000000000000000000000
000000000000000000000000
start_draw_0:
000000000000000000000000
000000000000000000000000
000000000000000000000000
000000000000000000000000
000000000000000000000000
011111000000000000000000
011111110000000000000000
011011110000000000000000
000000110000000000000000
000000110000000000000000
000001110000000000000000
000011110000000000000000
001111100000000000000000
011111000000000000000000
011100000000000000000000
011100000000000000000000
011000000000000000000000
011000000000000000000000
011000000000000000000000
011000000000000000000000
111000000000000000000000
111110000000000000000000
111111111110000000000000
001111111111000000000000
000000001111000000000000
000000000000000000000000
000000000000000000000000
000000000000000000000000
000000000000000000000000
000000000000000000000000
000000000000000000000000
000000000000000000000000
000000000000000000000000
000000000000000000000000
000000000000000000000000
000000000000000000000000
start_draw_0:
000000000000000000000000
000000000000000000000000
000000000000000000000000
000000000000000000000000
000000000000000000000000
000000000000000000000000
000000000000000000000000
000000000000000000000000
000000001111111100000000
000011111111111100000000
000111111110011100000000
001111100000001100000000
001110000000001100000000
001100000000001100000000
000000000000011100000000
000000000000011100000000
000000000000111000000000
000000000000111000000000
000000000011110000000000
000000011111111000000000
000001111111111111110000
000001111111111111110000
000001110000000000000000
000000000000000000000000
000000000000000000000000
000000000000000000000000
000000000000000000000000
000000000000000000000000
000000000000000000000000
000000000000000000000000
000000000000000000000000
000000000000000000000000
000000000000000000000000
000000000000000000000000
000000000000000000000000
000000000000000000000000
start_draw_0:
000000000000000000000000
000111100000000000000000
000111110000000000000000
000001111000000000000000
000000111000000000000000
000000011100000000000000
000000011100000000000000
000000001100000000000000
000000001100000000000000
000000011100000000000000
000000011100000000000000
000000111000000000000000
000001111000000000000000
000111110000000000000000
001111100000000000000000
011111111000000000000000
011111111110000000000000
000000111111111000000000
000000000111111000000000
000000000000000000000000
000000000000000000000000
000000000000000000000000
000000000000000000000000
000000000000000000000000
000000000000000000000000
000000000000000000000000
000000000000000000000000
000000000000000000000000
000000000000000000000000
000000000000000000000000
000000000000000000000000
000000000000000000000000
000000000000000000000000
000000000000000000000000
000000000000000000000000
000000000000000000000000
start_draw_0:
000000000000000000000000
000000000000000000000000
000000000000000000000000
000000000001111111000000
000000000001111111000000
000000000000000111000000
000000000000000011100000
000000000000000011100000
000000000000000011100000
000000000000000011100000
000000000000000011000000
000000000000000111000000
000000000000000111000000
000000000000001110000000
000000000000011110000000
000000000000011100000000
000000000000111100000000
000000000000111111111100
000000000000111111111100
000000000000111110000000
000000000000000000000000
000000000000000000000000
000000000000000000000000
000000000000000000000000
000000000000000000000000
000000000000000000000000
000000000000000000000000
000000000000000000000000
000000000000000000000000
000000000000000000000000
000000000000000000000000
000000000000000000000000
000000000000000000000000
000000000000000000000000
000000000000000000000000
000000000000000000000000
start_draw_0:
000000000000000000000000
000000000000000000000000
000000000000000000000000
000000000000000000000000
000000000000000000000000
000000000000000000000000
000000000000000000000000
000000000000000000000000
000000000000000000000000
000000000000000000000000
000000000000000000000000
000000000000000000000000
000000000000000000000000
000000000000000000000000
000000000000000000000000
000000000000000000000000
000000000000000000000000
000000000000000000000000
000000000000000000000000
000011111000000000000000
000011111100000000000000
000000011100000000000000
000000011100000000000000
000000111000000000000000
000001111000000000000000
000001110000000000000000
000011110000000000000000
000111100000000000000000
001111000000000000000000
001111000000000000000000
001111111111111111000000
000111111111111111000000
000000000000000000000000
000000000000000000000000
000000000000000000000000
000000000000000000000000
start_draw_0:
000000000000000000000000
000000000000000000000000
000000000000000000000000
000000000000000000000000
000000000000000000000000
000000000000000000000000
000000000000000000000000
000000000000000000000000
000000000000000000000000
000000000000000000000000
000000000000000000000000
000000000000000000000000
000000000000000000000000
000000000000000000000000
000000000000000000000000
000000000000000000000000
000000000111000000000000
000000000111100000000000
000000000111100000000000
000000000001110000000000
000000000001110000000000
000000000001110000000000
000000000001110000000000
000000000011110000000000
000000000011100000000000
000000001111100000000000
000000011111000000000000
000011111110000000000000
000011111100000000000000
000011111111100000000000
000000111111111110000000
000000000011111111000000
000000000000001111000000
000000000000000000000000
000000000000000000000000
000000000000000000000000
start_draw_0:
000000000000000000000000
000000000000000000000000
000111111000000000000000
000111111000000000000000
000000111100000000000000
000000011110000000000000
000000001110000000000000
000000001110000000000000
000000001110000000000000
000000011110000000000000
000000111110000000000000
000011111100000000000000
000111111000000000000000
000111111000000000000000
000011111110000000000000
000000111111100000000000
000000000111111000000000
000000000001111000000000
000000000000011000000000
000000000000000000000000
000000000000000000000000
000000000000000000000000
000000000000000000000000
000000000000000000000000
000000000000000000000000
000000000000000000000000
000000000000000000000000
000000000000000000000000
000000000000000000000000
000000000000000000000000
000000000000000000000000
000000000000000000000000
000000000000000000000000
000000000000000000000000
000000000000000000000000
000000000000000000000000
start_draw_0:
000000000000000000000000
000000000000000000000000
000000000000000000000000
000000000000000000000000
000000000000000000000000
000000000000000000000000
000000000000000000000000
000000000000000000000000
000000000000000000000000
000000000000000000000000
000000000000000000000000
000000000000000000000000
000000000000000000000000
000000000000000000000000
000000000000000000000000
000111110000000000000000
000111111000000000000000
000110111000000000000000
000000111000000000000000
000000111000000000000000
000000011000000000000000
000000111000000000000000
000000111000000000000000
000000111000000000000000
000001110000000000000000
000011111111100000000000
000111111111110000000000
000111110001110000000000
000000000000000000000000
000000000000000000000000
000000000000000000000000
000000000000000000000000
000000000000000000000000
000000000000000000000000
000000000000000000000000
000000000000000000000000
start_draw_0:
000000000000000000000000
000000000000000000000000
000000000000000000000000
000000000000000000000000
000000000000000000000000
000000000000000000000000
000000000000000000000000
000000000000000000000000
000000000000000000000000
000000000000000000000000
000000000000000000000000
000000000000000000000000
000000000000000000000000
000000000000000000000000
000000000000000000000000
000000000000000000000000
000000001111110000000000
000000001111110000000000
000000001110111000000000
000000000000111000000000
000000000000110000000000
000000000001110000000000
000000000111110000000000
000000001111100000000000
000000011111000000000000
000000011110000000000000
000000011111111110000000
000000001111111110000000
000000000000000000000000
000000000000000000000000
000000000000000000000000
000000000000000000000000
000000000000000000000000
000000000000000000000000
000000000000000000000000
000000000000000000000000
start_draw_0:
000000000000000000000000
000000000000000000000000
000000000000000000000000
000000000000000000000000
000000000000000000000000
001111110000000000000000
001111111000000000000000
000001111000000000000000
000000011000000000000000
000000111000000000000000
000000111000000000000000
000001111000000000000000
000011110000000000000000
000111100000000000000000
001111000000000000000000
011110000000000000000000
011100000000000000000000
011111110001110000000000
001111111111110000000000
000001111111110000000000
000000000011110000000000
000000000000000000000000
000000000000000000000000
000000000000000000000000
000000000000000000000000
000000000000000000000000
000000000000000000000000
000000000000000000000000
000000000000000000000000
000000000000000000000000
000000000000000000000000
000000000000000000000000
000000000000000000000000
000000000000000000000000
000000000000000000000000
000000000000000000000000
start_draw_0:
000000000000000000000000
000000000000000000000000
000000000000000000000000
000000000000000000000000
000000000000000000000000
000000000000000000000000
000000000000000000000000
000000000000000000000000
000000000000000000000000
000000000111110000000000
000000000111111000000000
000000000000111100000000
000000000000011100000000
000000000000011100000000
000000000000001100000000
000000000000001100000000
000000000000001100000000
000000000000001100000000
000000000000011100000000
000000000000111100000000
000000000111111000000000
000000001111110000000000
000000001111111000000000
000000001111111100000000
000000000000011110000000
000000000000001111100000
000000000000000111111000
000000000000000001111000
000000000000000000011000
000000000000000000000000
000000000000000000000000
000000000000000000000000
000000000000000000000000
000000000000000000000000
000000000000000000000000
000000000000000000000000
start_draw_0:
000000000000000000000000
000000000000000000000000
001111111110000000000000
111111111111100000000000
111100001111100000000000
110000000011110000000000
000000000001110000000000
000000000001110000000000
000000000001110000000000
000000000001110000000000
000000000011100000000000
000000001111100000000000
000111111111000000000000
000111111100000000000000
000111110000000000000000
000001110000000000000000
000000111000000000000000
000000111100000000000000
000000011110000000000000
000000001111110000000000
000000000111110000000000
000000000011110000000000
000000000000000000000000
000000000000000000000000
000000000000000000000000
000000000000000000000000
000000000000000000000000
000000000000000000000000
000000000000000000000000
000000000000000000000000
000000000000000000000000
000000000000000000000000
000000000000000000000000
000000000000000000000000
000000000000000000000000
000000000000000000000000
start_draw_0:
000000000000000000000000
000000000000000000000000
000000000000000000000000
000000000000000000000000
000000000000000000000000
000000000000000000000000
000000000000000000000000
000000000000000000000000
000000000000000000000000
000000000000000000000000
000000000000000000000000
000000000000000000000000
000000000000000000000000
000000000000000000000000
000000000000000000000000
000000000000000000000000
000011000000000000000000
000011000000000000000000
000011100000000000000000
000011110000000000000000
000011111000000000000000
000000111100000000000000
000000011110000000000000
000000001111000000000000
000000000111000000000000
000000001111000000000000
000001111110000000000000
001111111110000000000000
001111111000000000000000
001111111111000000000000
000000111111111000000000
000000000011111000000000
000000000000000000000000
000000000000000000000000
000000000000000000000000
000000000000000000000000
start_draw_0:
000000000000000000000000
000000000000000000000000
000000000000000000000000
000000000000000000000000
000000000000000000000000
000000000000000000000000
000000000000000000000000
000000000000000000000000
000000000000000000000000
000000000000000000000000
000000000000000000000000
000000000000000000000000
000000000000000000000000
000000000001111000000000
000000000001111100000000
000000000001111110000000
000000000000001111000000
000000000000000111000000
000000000000000111000000
000000000000000111000000
000000000000001111000000
000000000000111110000000
000000000001111100000000
000000000111111000000000
000000011111100000000000
000000111111100000000000
000000111111111110000000
000000000011111111000000
000000000000001111000000
000000000000000000000000
000000000000000000000000
000000000000000000000000
000000000000000000000000
000000000000000000000000
000000000000000000000000
000000000000000000000000
start_draw_0:
000000000000000000000000
000000000000000000000000
011111000000000000000000
011111110000000000000000
000111111000000000000000
000001111100000000000000
000000011110000000000000
000000001111000000000000
000000000111000000000000
000000000011000000000000
000000000011000000000000
000000000011000000000000
000000000111000000000000
000000001111000000000000
000000011111000000000000
011111111100000000000000
011111111000000000000000
011111111100000000000000
000011111111100000000000
000000011111100000000000
000000000000000000000000
000000000000000000000000
000000000000000000000000
000000000000000000000000
000000000000000000000000
000000000000000000000000
000000000000000000000000
000000000000000000000000
000000000000000000000000
000000000000000000000000
000000000000000000000000
000000000000000000000000
000000000000000000000000
000000000000000000000000
000000000000000000000000
000000000000000000000000
start_draw_0:
000000000000000000000000
000000000000000000000000
000000000000000000000000
000000000000000000000000
000000000000000000000000
000000000000000000000000
000000000000000000000000
000000000000000000000000
000000000000000000000000
000000000000000000000000
000000000000000000000000
000000000000000000000000
000000000000000000000000
000000000000000000000000
000000000000000000000000
000000000000000000000000
000000000000000000000000
000000000000000000000000
000111111100000000000000
000111111100000000000000
000111011110000000000000
000110001110000000000000
000110000110000000000000
000000000110000000000000
000000000110000000000000
000000000110000000000000
000000001110000000000000
000000011110000000000000
000000011100000000000000
000001111100000000000000
011111111000000000000000
011111111111100000000000
001111111111100000000000
000000000111100000000000
000000000000000000000000
000000000000000000000000
start_draw_0:
000000000000000000000000
000000000000000000000000
000000000000000000000000
000000000000000000000000
000000000000000000000000
000000000000000000000000
000000000000000000000000
000000000000000000000000
000000000000000000000000
000000000000000000000000
000000000000000000000000
000000000000000000000000
000000000000000000000000
000000000000000000000000
000000001111100000000000
000000011111111000000000
000000011111111000000000
000000000000111100000000
000000000000011100000000
000000000000001100000000
000000000000001100000000
000000000000011100000000
000000000000011100000000
000000000000011100000000
000000000001111000000000
000000000011111000000000
000000000111110000000000
000111111111100000000000
000111111111000000000000
000111111111011100000000
000000001111111100000000
000000000111111000000000
000000000001111000000000
000000000000000000000000
000000000000000000000000
000000000000000000000000
start_draw_0:
000000000000000000000000
000000000000000000000000
000000000000000000000000
111111111000000000000000
111111111110000000000000
000000111111000000000000
000000000111000000000000
000000000111000000000000
000000000011000000000000
000000000111000000000000
000000000111000000000000
000000001111000000000000
000000011110000000000000
000000111100000000000000
000000111100000000000000
000001111000000000000000
000011110000000000000000
000011100000000000000000
000111000000000000000000
000111000000000000000000
000111111110000000000000
000111111110000000000000
000001111110000000000000
000000000000000000000000
000000000000000000000000
000000000000000000000000
000000000000000000000000
000000000000000000000000
000000000000000000000000
000000000000000000000000
000000000000000000000000
000000000000000000000000
000000000000000000000000
000000000000000000000000
000000000000000000000000
000000000000000000000000
start_draw_0:
000000000000000000000000
000000000000000000000000
000000000000000000000000
000000000000000000000000
000000000000000000000000
000000111111111100000000
000000111111111111000000
000000111000011111110000
000000000000000011110000
000000000000000001111000
000000000000000000111000
000000000000000000111000
000000000000000000011000
000000000000000000011000
000000000000000000111000
000000000000000001111000
000000000000000011110000
000000000000000111110000
000000000000001111100000
000000000000011111000000
000000000001111100000000
000000000001111000000000
000000000001111111110000
000000000001111111110000
000000000000000000000000
000000000000000000000000
000000000000000000000000
000000000000000000000000
000000000000000000000000
000000000000000000000000
000000000000000000000000
000000000000000000000000
000000000000000000000000
000000000000000000000000
000000000000000000000000
000000000000000000000000
start_draw_0:
000000000000000000000000
000000000000000000000000
000000000000000000000000
000000000000000000000000
000000000000000000000000
000000000000000000000000
000000000000000000000000
000000000000000000000000
001111100000000000000000
001111111110000000000000
000111111111000000000000
000000001111000000000000
000000000011000000000000
000000000011000000000000
000000000011000000000000
000000000011000000000000
000000000111000000000000
000000000111000000000000
000000000111000000000000
000000001110000000000000
000000011110000000000000
000000011100000000000000
000000111100000000000000
000000111000000000000000
000000111000000000000000
000000111110000000000000
000000111111100000000000
000000001111111000000000
000000000011111000000000
000000000000011000000000
000000000000000000000000
000000000000000000000000
000000000000000000000000
000000000000000000000000
000000000000000000000000
000000000000000000000000
start_draw_0:
000000000000000000000000
000000000000000000000000
000000000000000000000000
000000000000000000000000
000000000000000000000000
000000000000000000000000
000000000000000000000000
000000000000000000000000
000000000000000000000000
000000000000000000000000
000000000000000000000000
000000000000000000000000
000000000000000000000000
000000000000000000000000
000000000000000000000000
000000000000000000000000
000000000000000000000000
000000000000000000000000
000000000000000000000000
000000000000000000000000
000000000000000000000000
000000000000000000000000
000000000000000000000000
000000000000000000000000
000000000000000000000000
000000000000000000000000
000000000000000000000000
000000000000011111100000
000000000000011111110000
000000000000011111110000
000000000000000000111000
000000000000000000111000
000000000000000000111000
000000000000000001110000
000000000000000111111111
000000000000000111111111
start_draw_0:
001111100000000000000000
001111110000000000000000
000011111000000000000000
000000111000000000000000
000000011000000000000000
000000011000000000000000
000000011000000000000000
000000111000000000000000
000001111000000000000000
000011110000000000000000
000111110000000000000000
011111100000000000000000
111110000000000000000000
111100000000000000000000
111111111100000000000000
111111111111111110000000
000000011111111111111111
000000000000001111111111
000000000000000000001111
000000000000000000000000
000000000000000000000000
000000000000000000000000
000000000000000000000000
000000000000000000000000
000000000000000000000000
000000000000000000000000
000000000000000000000000
000000000000000000000000
000000000000000000000000
000000000000000000000000
000000000000000000000000
000000000000000000000000
000000000000000000000000
000000000000000000000000
000000000000000000000000
000000000000000000000000
start_draw_0:
000000000000000000000000
000000000000000000000000
000000000000000000000000
000000000000000000000000
000000000000000000000000
000000000000000000000000
000000000000000000000000
000000000000000000000000
000000000000000000000000
000000000000000000000000
000000000000000000000000
000000000000000000000000
000000000000000000000000
000000000000000000000000
000000000000000000000000
000000000000000000000000
000000000000000000000000
000000000000000000000000
000000000000000000000000
001111111111100000000000
001111111111100000000000
000000000011100000000000
000000000011100000000000
000000000011100000000000
000000000111100000000000
000000011111111111111111
000000011111111111111111
000000011111111111111111
000000000000000000000000
000000000000000000000000
000000000000000000000000
000000000000000000000000
000000000000000000000000
000000000000000000000000
000000000000000000000000
000000000000000000000000
start_draw_0:
000000000000000000000000
000000000000000000000000
000000000000000000000000
000000000000000000000000
000000111111111110000000
000001111111111111000000
000011111000001111100000
000011100000000011110000
000111000000000001111000
000111000000000000111000
000111000000000000011100
000111000000000000011100
000111000000000000011100
000111000000000000011100
000000000000000000001100
000000000000000000011100
000000000000000000011100
000000000000000000111000
000000000000000000111000
000000000000000001111000
000000000000000011110000
000000000000001111100000
000000000000011111000000
000000000001111110000000
000000011111111100000000
000011111111110000000000
011111111100000000000000
011111111111111111100011
011111111111111111111111
000000000000000011111111
000000000000000000000000
000000000000000000000000
000000000000000000000000
000000000000000000000000
000000000000000000000000
000000000000000000000000
start_draw_0:
000000000000000000000000
000000000000000000000000
000000000000000000000000
000001111111110000000000
000001111111111000000000
000000000000111000000000
000000000000011000000000
000000000000011000000000
000000000000011000000000
000000000000111000000000
000000000000111000000000
000000000001111000000000
000000000011110000000000
000000000011100000000000
000000000111111000000000
000000000111111111111110
000000000111111111111110
000000000000000000000000
000000000000000000000000
000000000000000000000000
000000000000000000000000
000000000000000000000000
000000000000000000000000
000000000000000000000000
000000000000000000000000
000000000000000000000000
000000000000000000000000
000000000000000000000000
000000000000000000000000
000000000000000000000000
000000000000000000000000
000000000000000000000000
000000000000000000000000
000000000000000000000000
000000000000000000000000
000000000000000000000000
start_draw_0:
000011111111111110000000
000111111111001110000000
000111000000000110000000
000000000000000110000000
000000000000001110000000
000000000000001110000000
000000000000001110000000
000000000000011100000000
000000000000111100000000
000000000001111000000000
000000000011111111111111
000000000111111111111111
000000000111111111100000
000000000000000000000000
000000000000000000000000
000000000000000000000000
000000000000000000000000
000000000000000000000000
000000000000000000000000
000000000000000000000000
000000000000000000000000
000000000000000000000000
000000000000000000000000
000000000000000000000000
000000000000000000000000
000000000000000000000000
000000000000000000000000
000000000000000000000000
000000000000000000000000
000000000000000000000000
000000000000000000000000
000000000000000000000000
000000000000000000000000
000000000000000000000000
000000000000000000000000
000000000000000000000000
start_draw_0:
000000000000000000000000
000000000000000000000000
000000000000000000000000
000000000000000000000000
000000000000000000000000
000000000000000000000000
000011111100000000000000
000011111110000000000000
000011111110000000000000
000000001111000000000000
000000000111000000000000
000000000111000000000000
000000000011000000000000
000000000011000000000000
000000000011000000000000
000000000011000000000000
000000000011000000000000
000000000011000000000000
000000000111000000000000
000000000111000000000000
000000001111000000111000
000000111110001111111000
000001111111111111111000
000001111111111110000000
000001111111110000000000
000000000000000000000000
000000000000000000000000
000000000000000000000000
000000000000000000000000
000000000000000000000000
000000000000000000000000
000000000000000000000000
000000000000000000000000
000000000000000000000000
000000000000000000000000
000000000000000000000000
start_draw_0:
000000000000000000000000
000000000000000000000000
000000000000000000000000
000000000000000001100000
000000000000000001111000
000000000000000001111100
000000000000000000011110
000000000000000000001110
000000000000000000000111
000000000000000000000111
000000000000000000000111
000000000000000000000011
000000000000000000000011
000000000000000000000011
000000000000000000000111
000000000000000000000111
000000000000000000000111
000000000000000000000111
000000000000000000001110
000000000000000000011110
000000000000000000011100
000000000000000000111100
000000000000000001111000
000000000000000011110000
000000000000000011110000
000000000000000011111111
000000000000000011111111
000000000000000000000111
000000000000000000000000
000000000000000000000000
000000000000000000000000
000000000000000000000000
000000000000000000000000
000000000000000000000000
000000000000000000000000
000000000000000000000000
start_draw_0:
000000111111000000000000
000000111111100000000000
000000111111110000000000
000000000001111000000000
000000000000111000000000
000000000000111000000000
000000000000011000000000
000000000000011000000000
000000000000011000000000
000000000000011000000000
000000000000011000000000
000000000000111000000000
000000000000111000000000
000000000000111000000000
000000000001110000000000
000000000001110000000000
000000000011110000000000
000000000111100000000000
000000001111000000000000
000000011111111111100000
000000011111111111100000
000000000000000000000000
000000000000000000000000
000000000000000000000000
000000000000000000000000
000000000000000000000000
000000000000000000000000
000000000000000000000000
000000000000000000000000
000000000000000000000000
000000000000000000000000
000000000000000000000000
000000000000000000000000
000000000000000000000000
000000000000000000000000
000000000000000000000000
start_draw_0:
000000000000000000000000
000000000000000000000000
000000000000000000000000
000000000000000000000000
000000111111111000000000
000000111111111100000000
000000000000011100000000
000000000000001100000000
000000000000001100000000
000000000000011100000000
000000000000011100111111
000000000000111111111111
000000000000111111111111
000000000000000000000000
000000000000000000000000
000000000000000000000000
000000000000000000000000
000000000000000000000000
000000000000000000000000
000000000000000000000000
000000000000000000000000
000000000000000000000000
000000000000000000000000
000000000000000000000000
000000000000000000000000
000000000000000000000000
000000000000000000000000
000000000000000000000000
000000000000000000000000
000000000000000000000000
000000000000000000000000
000000000000000000000000
000000000000000000000000
000000000000000000000000
000000000000000000000000
000000000000000000000000
start_draw_0:
000000000000000000000000
000000000000000000000000
000000000000000000000000
000000000000000000000000
000000000000000000000000
000000000000000000000000
000000000000000000000000
000011111111111000000000
000011111111111100000000
000000000000011100000000
000000000000001110000000
000000000000001110000000
000000000000000110000000
000000000000000111000000
000000000000000111000000
000000000000000111000000
000000000000000111000000
000000000000000111000000
000000000000000111000000
000000000000001110000000
000000000000011110000000
000000000000111100000000
000000000011111100000000
000000001111111000000000
000000111111100000000000
000111111100000000000000
011111110000000000000000
011111111111111111111111
011111111111111111111111
000000000000000000000000
000000000000000000000000
000000000000000000000000
000000000000000000000000
000000000000000000000000
000000000000000000000000
000000000000000000000000
start_draw_0:
000000011111000000000000
000000011111100000000000
000000000111110000000000
000000000001110000000000
000000000000111000000000
000000000000111000000000
000000000000111000000000
000000000000111000000000
000000000000111000000000
000000000000111000000000
000000000001110000000000
000000000011110000000000
000000000111100000011111
000000000111111111111111
000000000111111111111111
000000000000000000000000
000000000000000000000000
000000000000000000000000
000000000000000000000000
000000000000000000000000
000000000000000000000000
000000000000000000000000
000000000000000000000000
000000000000000000000000
000000000000000000000000
000000000000000000000000
000000000000000000000000
000000000000000000000000
000000000000000000000000
000000000000000000000000
000000000000000000000000
000000000000000000000000
000000000000000000000000
000000000000000000000000
000000000000000000000000
000000000000000000000000
start_draw_0:
000000000000000000000000
000000000111100000000000
000000000111110000000000
000000000001110000000000
000000000001111000000000
000000000000111000000000
000000000000111000000000
000000000000011000000000
000000000000011000000000
000000000000011000000000
000000000000011000000000
000000000000011100000000
000000000000011100000000
000000000000011100000000
000000000000011000000000
000000000000111000011111
000000000000111111111111
000000000001111111111110
000000000001111111000000
000000000001110000000000
000000000000000000000000
000000000000000000000000
000000000000000000000000
000000000000000000000000
000000000000000000000000
000000000000000000000000
000000000000000000000000
000000000000000000000000
000000000000000000000000
000000000000000000000000
000000000000000000000000
000000000000000000000000
000000000000000000000000
000000000000000000000000
000000000000000000000000
000000000000000000000000
start_draw_0:
000000000000000000000000
001111111100000000000000
001111111110000000000000
000000001111000000000000
000000000111000000000000
000000000111000000000000
000000000111000000000000
000000000011000000000000
000000000111000000000000
000000000111000000000000
000000001111000000000000
000000001110000000000000
000000011110000000000000
000000111100000000000000
000001111000000000000000
000011111000000000000000
000111100000000000000000
011111000000000000000000
011111100000000000000000
011111111111111111100000
000111111111111111100000
000000000000111111100000
000000000000000000000000
000000000000000000000000
000000000000000000000000
000000000000000000000000
000000000000000000000000
000000000000000000000000
000000000000000000000000
000000000000000000000000
000000000000000000000000
000000000000000000000000
000000000000000000000000
000000000000000000000000
000000000000000000000000
000000000000000000000000
start_draw_0:
000000001111000000000000
000001111111110000000000
000001111111111000000000
000000000000111000000000
000000000000011100000000
000000000000011100000000
000000000000011100000000
000000000000011100000000
000000000000011100000000
000000000000111000000000
000000000001111000000000
000000000011110000000000
000000000111110000000000
000000011111111111111111
000001111111111111111111
000001111111111000000000
000000000000000000000000
000000000000000000000000
000000000000000000000000
000000000000000000000000
000000000000000000000000
000000000000000000000000
000000000000000000000000
000000000000000000000000
000000000000000000000000
000000000000000000000000
000000000000000000000000
000000000000000000000000
000000000000000000000000
000000000000000000000000
000000000000000000000000
000000000000000000000000
000000000000000000000000
000000000000000000000000
000000000000000000000000
000000000000000000000000
start_draw_0:
000000000001111111000000
000000000001111111000000
000000000001100011000000
000000000000000011000000
000000000000000011100000
000000000000000011100000
000000000000000011100000
000000000000000011100000
000000000000000011100000
000000000000000111000000
000000000000000111000000
000000000000001111000000
000000000000011110000000
000000000000111100000000
000000000001111100000000
000000000011111000000000
000000001111110000000000
000000011111111111110000
000000011111111111111110
000000000000000001111110
000000000000000000000000
000000000000000000000000
000000000000000000000000
000000000000000000000000
000000000000000000000000
000000000000000000000000
000000000000000000000000
000000000000000000000000
000000000000000000000000
000000000000000000000000
000000000000000000000000
000000000000000000000000
000000000000000000000000
000000000000000000000000
000000000000000000000000
000000000000000000000000
start_draw_0:
000000000000000000000000
000000000000000000000000
000000000000000000000000
000000000000000000000000
000000000000000000000000
000000000000000000000000
000000000000000000000000
000000000000000000000000
000000000000000000000000
000000000000000000000000
000000000000000000000000
000000000000000000000000
000000000000000000000000
000000000000000000000000
000000000000000000000000
000000000000000000000000
000000000000000000000000
000000000000000000000000
000000000000000000000000
000000000000000000000000
000000000000000000000000
000000001100000000000000
000000001110000000000000
000000001111000000000000
000000000111100000000000
000000000011110000000000
000000000001110000000000
000000000001110000000000
000000000000110000000000
000000000000111000000000
000000000000111000000000
000000000000111000000000
000000000000111000000000
000000000001110000000000
000000000001110000000111
000000000001110000111111
start_draw_0:
000000111111111100000000
000000111111111110000000
000000000000001110000000
000000000000000110000000
000000000000000110000000
000000000000000110000000
000000000000001110000000
000000000000001110000000
000000000000011100000000
000000000000111100000000
000000000011111000000000
000000001111110000000000
000000011111100000000000
000001111111111111111111
000001111111111111111111
000001111111111111111111
000000000000000000000000
000000000000000000000000
000000000000000000000000
000000000000000000000000
000000000000000000000000
000000000000000000000000
000000000000000000000000
000000000000000000000000
000000000000000000000000
000000000000000000000000
000000000000000000000000
000000000000000000000000
000000000000000000000000
000000000000000000000000
000000000000000000000000
000000000000000000000000
000000000000000000000000
000000000000000000000000
000000000000000000000000
000000000000000000000000
start_draw_0:
000011111111000000000000
000011111111100000000000
000000000011110000000000
000000000001111000000000
000000000000111000000000
000000000000011000000000
000000000000011000000000
000000000000011100000000
000000000000011100000000
000000000000111000000000
000000000001111000000000
000000001111110000000000
000000111111111111111110
000000111111111111111110
000000111111111111111110
000000000000000000000000
000000000000000000000000
000000000000000000000000
000000000000000000000000
000000000000000000000000
000000000000000000000000
000000000000000000000000
000000000000000000000000
000000000000000000000000
000000000000000000000000
000000000000000000000000
000000000000000000000000
000000000000000000000000
000000000000000000000000
000000000000000000000000
000000000000000000000000
000000000000000000000000
000000000000000000000000
000000000000000000000000
000000000000000000000000
000000000000000000000000
start_draw_0:
000000000000000000000000
000000000000000000000000
000000000000000000000000
000000000000000000000000
000000000000000000000000
000000000000000000000000
000000000000000000000000
000000000000000000000000
000000000000000000000000
000000000000000000000000
000000000000000000000000
000000000000000000000000
000000000000000000000000
000000000000000000000000
000000111100000000000000
000111111111000000000000
011111111111100000000000
111110000011110000000000
111000000001111000000000
000000000000111000000000
000000000000011100000000
000000000000011100000000
000000000000001100000000
000000000000001100000000
000000000000001100000000
000000000000011100000000
000000000000111100000000
000000000011111000000000
000000011111110000000000
000111111111000000000000
111111111111111111111111
111111111111111111111111
111111111111111111110000
000000000000000000000000
000000000000000000000000
000000000000000000000000
start_draw_0:
000000000000000000000000
000000000000000000000000
000000000000000000000000
001111110000000000000000
001111111111110000000000
001100111111111100000000
001100000011111110000000
001100000000011110000000
001110000000000111000000
001110000000000111000000
001110000000000011000000
001110000000000011000000
000110000000000111000000
000000000000001111000000
000000000000011110000000
000000000000111110000000
000000000001111100000000
000000000011110000000000
000000001111100000000000
000000011111000000000000
000000111110000000000000
000000111100000000000000
000001111000000000000000
000001110000000000000000
000001110000000000000000
000011100000000000000000
000011100000000000000000
000111100000000000000000
000111000000000000000000
000111000000000000000000
000111111000000000001100
000111111111111110001100
000001111111111111111100
000000000000011111111100
000000000000000000000000
000000000000000000000000
start_draw_0:
000000011111110000000000
000000111111111100000000
000001111100111110000000
000001110000001110000000
000001100000001111000000
000000000000000111000000
000000000000000111000000
000000000000000111000000
000000000000000111000000
000000000000011110000000
000000000111111110000000
000000001111111100000000
000000011111000000000000
000000111100000000000000
000001111000000000000000
000001110000000000000000
000011100000000000000000
000011100000000000000000
000011100000000000000000
000111000000000000000000
000111000000000000000000
000110000000000000000000
000110000000000000000000
000110000000000000000000
001111111111111111111000
001111111111111111111000
000000000000000000000000
000000000000000000000000
000000000000000000000000
000000000000000000000000
000000000000000000000000
000000000000000000000000
000000000000000000000000
000000000000000000000000
000000000000000000000000
000000000000000000000000
start_draw_0:
000000000111111000000000
000000001111111111000000
000000011111011111110000
000000111100000011111000
000000111000000001111000
000001110000000000111100
000001110000000000011100
000001100000000000001100
000000000000000000011100
000000000000000000111100
000000000000000001111100
000000000000000111111000
000000000000011111100000
000000000000111111000000
000000000001111100000000
000000000011110000000000
000000000111100000000000
000000001111000000000000
000000011110000000000000
000000011100000000000000
000000111100000000000000
000000111000000000000000
000000111000000000000000
000000110000000000000000
000001110000000000000000
000001110000000000000000
000001110000000000000000
000011100000000000000000
000011100000000000000000
000011100000000000000000
000111100000000000000000
000111111111000000000000
000011111111111111111110
000000011111111111111110
000000000000011111111110
000000000000000000000000
start_draw_0:
000000000000000000000000
000000000000000000000000
000000011111111110000000
000000111111111111000000
000001111100001111000000
000011110000000011100000
000111100000000011100000
000111000000000011100000
000111000000000001100000
000111000000000001100000
000000000000000011100000
000000000000000011100000
000000000000000111000000
000000000000000111000000
000000000000001111000000
000000000000011110000000
000000000000111100000000
000000000001111000000000
000000000011111000000000
000000000111110000000000
000000001111100000000000
000000011110000000000000
000000011100000000000000
000000111100000000000000
000000111000000000000000
000001110000000000000000
000001110000000000000000
000011100000000000000000
000011100000000000000000
000111000000000000000000
000111000001111111111100
000111111111111111111100
000111111111111111110000
000000000000000000000000
000000000000000000000000
000000000000000000000000
start_draw_0:
000000001111111111000000
000000011111000111100000
000000111100000011100000
000000111000000011100000
000001110000000001100000
000001110000000001100000
000011100000000001100000
000011100000000001100000
000011100000000001100000
000011000000000001100000
000011000000000001100000
000000000000000001100000
000000000000000011100000
000000000000000011100000
000000000000000111000000
000000000000001111000000
000000000000001110000000
000000000000111110000000
000000000001111100000000
000000000111111000000000
000000001111100000000000
000000011111000000000000
000000111100000000000000
000000111000000000000000
000001111000000000000000
000001110000000000000000
000011100000000000000000
000011100000000000000000
000011100000000000000000
000111000000000000000000
000111111111000000000000
000111111111111111111111
000000000111111111111111
000000000000000001111111
000000000000000000000000
000000000000000000000000
start_draw_0:
000000000000000000000000
000000000011111111100000
000000001111111111110000
000000011111100001110000
000000111110000000111000
000001111000000000111000
000001110000000000111000
000001100000000000111000
000001100000000000111000
000000000000000000111000
000000000000000001111000
000000000000000011110000
000000000000000111110000
000000000000001111100000
000000000000111111000000
000000000001111100000000
000000000011111000000000
000000001111100000000000
000000001111000000000000
000000011110000000000000
000000111100000000000000
000000111000000000000000
000001111000000000000000
000001110000000000000000
000011100000000000000000
000011100000000000000000
000011100000000000000000
000111000000000000000000
000111000000000000000000
000111000000000000000000
000111111111111111110000
000111111111111111111111
000000000000000001111111
000000000000000000000000
000000000000000000000000
000000000000000000000000
start_draw_0:
000000000000000000000000
000000000111111111000000
000000111111111111100000
000001111111000111110000
000111110000000001110000
000111100000000000111000
001111000000000000111000
001110000000000000111000
000000000000000000011000
000000000000000000011000
000000000000000000011000
000000000000000000011000
000000000000000000111000
000000000000000000111000
000000000000000001111000
000000000000000011110000
000000000000000111110000
000000000000001111100000
000000000000111111000000
000000000001111100000000
000000000111111000000000
000000011111100000000000
000000111110000000000000
000001111000000000000000
000011110000000000000000
000011100000000000000000
000111100000000000000000
000111000000000000000000
001110000000000000000000
001111111111111111111111
001111111111111111111111
001111111111111111111100
000000000000000000000000
000000000000000000000000
000000000000000000000000
000000000000000000000000
start_draw_0:
000000000000000000000000
000000000000000000000000
000000000011111110000000
000000011111111111000000
000011111111101111100000
001111111100000011110000
001111100000000001110000
001110000000000001110000
000000000000000000110000
000000000000000000110000
000000000000000000110000
000000000000000000110000
000000000000000000110000
000000000000000001110000
000000000000000011110000
000000000000000111100000
000000000000001111000000
000000000000011110000000
000000000000111100000000
000000000001111000000000
000000000011110000000000
000000000111100000000000
000000001111000000000000
000000011110000000000000
000000111100000000000000
000000111000000000000000
000001111000000000000000
000011110000000000000000
000011100000000000000000
000011111111111111111111
000011111111111111111111
000000000000000000000000
000000000000000000000000
000000000000000000000000
000000000000000000000000
000000000000000000000000
start_draw_0:
000000000000111111000000
000000000011111111100000
000000000111111111110000
000000011111000001111000
000000111110000000111000
000011111000000000011100
000011110000000000011100
000011100000000000001100
000011000000000000001100
000000000000000000001110
000000000000000000001110
000000000000000000001110
000000000000000000001110
000000000000000000011100
000000000000000000111100
000000000000000011111000
000000000000001111110000
000000000001111111100000
000000001111111110000000
000000111111110000000000
000001111110000000000000
000011111000000000000000
000111100000000000000000
000111000000000000000000
001111000000000000000000
001110000000000000000000
011100000000000000000000
011100000000000000000000
111000000000000000000011
111111111111111111111111
111111111111111111111111
000000000000000000000000
000000000000000000000000
000000000000000000000000
000000000000000000000000
000000000000000000000000
start_draw_0:
000000000000000011110000
000000000001111111111100
000000001111111111111110
000000111111100000001110
000011111100000000000111
000111110000000000000111
000111100000000000000111
000111000000000000000011
000000000000000000000011
000000000000000000000011
000000000000000000000011
000000000000000000000111
000000000000000000000111
000000000000000000001111
000000000000000000011110
000000000000000000111100
000000000000000001111100
000000000000000111111000
000000000000011111100000
000000000011111111000000
000000001111111100000000
000000011111100000000000
000000111110000000000000
000001111000000000000000
000011110000000000000000
000111100000000000000000
000111000000000000000000
000111000000000000000000
000110000000000000000000
000111111111111111111111
000111111111111111111111
000111100000000000000000
000000000000000000000000
000000000000000000000000
000000000000000000000000
000000000000000000000000
start_draw_0:
000000000011111000000000
000000001111111100000000
000000111111011100000000
000001111100001110000000
000011111000001111000000
001111100000000111000000
011111000000000111000000
011100000000000011100000
011000000000000011100000
000000000000000001100000
000000000000000001100000
000000000000000001100000
000000000000000001100000
000000000000000001100000
000000000000000001100000
000000000000000011100000
000000000000000011100000
000000000000000111100000
000000000000011111000000
000000000000111110000000
000000000011111100000000
000000001111110000000000
000000011111000000000000
000000111100000000000000
000011111000000000000000
000011110000000000000000
000111100000000000000000
001111000000000000000000
001110000000000000000000
001110000000000000000000
001100000000000000000000
011111111111111111111100
011111111111111111111111
011111110000000000111111
000000000000000000000000
000000000000000000000000