start_draw_0:
000000000000000000000000
000000000000000000000000
000000000000000000000000
000000000011100000000000
000000000011100000000000
000000000011100000000000
000000000011100000000000
000000000011100000000000
000000000011100000000000
000000000011100000000000
000000000011100000000000
000000000011100000000000
000000000011100000000000
000000000011100000000000
000000000011100000000000
000000000011100000000000
000000000001100000000000
000000000001100000000000
000000000001100000000000
000000000001100000000000
000000000001100000000000
000000000001100000000000
000000000001110000000000
000000000001110000000000
000000000001110000000000
000000000000110000000000
000000000000000000000000
000000000000000000000000
000000000000000000000000
000000000000000000000000
000000000000000000000000
000000000000000000000000
000000000000000000000000
000000000000000000000000
000000000000000000000000
000000000000000000000000
start_draw_0:
000000000000000000000000
000000000000000000000000
000000000000000000000000
000000000000000000000000
000000000000000000000000
000001111100000000000000
000011111111000000000000
000011101111100000000000
000011000011110000000000
000011000001110000000000
000000000000110000000000
000000000000110000000000
000000000000110000000000
000000000000110000000000
000000000000110000000000
000000000001110000000000
000000000001110000000000
000000000011110000000000
000000000111100000000000
000000001111000000000000
000000111111000000000000
000001111111110000000000
000001111111111111100000
000000000011111111100000
000000000000000000000000
000000000000000000000000
000000000000000000000000
000000000000000000000000
000000000000000000000000
000000000000000000000000
000000000000000000000000
000000000000000000000000
000000000000000000000000
000000000000000000000000
000000000000000000000000
000000000000000000000000
start_draw_0:
000000000000000000000000
000000000000000000000000
000000000000111110000000
000000000011111110000000
000000000011110110000000
000000000011000110000000
000000000000000110000000
000000000000001110000000
000000000000011110000000
000000000000111100000000
000000000011111000000000
000000000011110000000000
000000000011111000000000
000000000011111100000000
000000000000111111000000
000000000000001111000000
000000000000000111100000
000000000000000011100000
000000000000000001100000
000000000000000001100000
000000000000000011100000
000001100000000111100000
000001111000111111100000
000001111111111110000000
000000111111111000000000
000000000000000000000000
000000000000000000000000
000000000000000000000000
000000000000000000000000
000000000000000000000000
000000000000000000000000
000000000000000000000000
000000000000000000000000
000000000000000000000000
000000000000000000000000
000000000000000000000000
start_draw_0:
000000000000000000000000
000000000000000000000000
000000000000000000000000
000000000000000000000000
000000000000000000000000
000000000000000000000000
000011100000000000000000
000011100000000000000000
000011100000000000000000
000001110000000000000000
000001110000110000000000
000000111001110000000000
000000111001110000000000
000000111101110000000000
000000011101100000000000
000000011111100000000000
000000001111101100000000
000000000111111100000000
000000000011111100000000
000000000011000000000000
000000000011000000000000
000000000011000000000000
000000000011000000000000
000000000011000000000000
000000000011000000000000
000000000011000000000000
000000000000000000000000
000000000000000000000000
000000000000000000000000
000000000000000000000000
000000000000000000000000
000000000000000000000000
000000000000000000000000
000000000000000000000000
000000000000000000000000
000000000000000000000000
start_draw_0:
000000000000000000000000
000000000000000000000000
000000000000000000000000
000000000000000000000000
000000000000000000000000
000000000000000000000000
000000111111110000000000
000000111111110000000000
000000111000000000000000
000000111000000000000000
000000111000000000000000
000000111000000000000000
000000111000000000000000
000000111111110000000000
000000111111111000000000
000000111110111100000000
000000111000011110000000
000000000000001110000000
000000000000001110000000
000000000000000110000000
000000000000000110000000
000001100000011110000000
000001111111111110000000
000001111111111100000000
000000000000000000000000
000000000000000000000000
000000000000000000000000
000000000000000000000000
000000000000000000000000
000000000000000000000000
000000000000000000000000
000000000000000000000000
000000000000000000000000
000000000000000000000000
000000000000000000000000
000000000000000000000000
start_draw_0:
000000000000000000000000
000000000000000000000000
000000000000000000000000
000000000000000000000000
000000001111110000000000
000000011111110000000000
000000111111110000000000
000000111100000000000000
000001111000000000000000
000001110000000000000000
000011100000000000000000
000011100000000000000000
000011100000000000000000
000011000000000000000000
000011111111110000000000
000011111111111000000000
000011000000111000000000
000011000000011000000000
000011000000011000000000
000011100000011000000000
000011110000111000000000
000011111001111000000000
000001111111111000000000
000000111111110000000000
000000000000000000000000
000000000000000000000000
000000000000000000000000
000000000000000000000000
000000000000000000000000
000000000000000000000000
000000000000000000000000
000000000000000000000000
000000000000000000000000
000000000000000000000000
000000000000000000000000
000000000000000000000000
start_draw_0:
000000000000000000000000
000000000000000000000000
000000000000000000000000
000000000000000000000000
000000000000000000000000
000000000000000000000000
000000000000000000000000
000000111110000000000000
000000111111111111100000
000000011111111111100000
000000000000000011100000
000000000000000111100000
000000000000000111000000
000000000000000111000000
000000000000001110000000
000000000000001110000000
000000000000001100000000
000000000000011100000000
000000000000011100000000
000000000000011100000000
000000000000011000000000
000000000000111000000000
000000000000111000000000
000000000000111000000000
000000000000111000000000
000000000000111000000000
000000000000111000000000
000000000000000000000000
000000000000000000000000
000000000000000000000000
000000000000000000000000
000000000000000000000000
000000000000000000000000
000000000000000000000000
000000000000000000000000
000000000000000000000000
start_draw_0:
000000000000000000000000
000000000000000000000000
000000000000000000000000
000000000000000000000000
000000000000000000000000
000000111100000000000000
000000111111110000000000
000001111111110000000000
000001110011111000000000
000001100011111000000000
000001100001111000000000
000001100011110000000000
000001100111100000000000
000001111111000000000000
000001111110000000000000
000000111100000000000000
000000111111000000000000
000001111111100000000000
000001110111111000000000
000001110001111100000000
000001100000111100000000
000001100000011100000000
000001100000011100000000
000001110001111100000000
000001111111111000000000
000000111111110000000000
000000000000000000000000
000000000000000000000000
000000000000000000000000
000000000000000000000000
000000000000000000000000
000000000000000000000000
000000000000000000000000
000000000000000000000000
000000000000000000000000
000000000000000000000000
start_draw_0:
000000000000000000000000
000000000000000000000000
000000000000000000000000
000000001111111110000000
000000011111111111000000
000000111110001111000000
000001111000000111000000
000001110000001110000000
000001100000001110000000
000011100000001110000000
000011100000011110000000
000011100000011110000000
000011100000011110000000
000001111000111110000000
000001111111111110000000
000000111111110110000000
000000000000000110000000
000000000000000110000000
000000000000000110000000
000000000000000110000000
000000000000000110000000
000000000000000110000000
000000000000000110000000
000000000000000110000000
000000000000000110000000
000000000000000000000000
000000000000000000000000
000000000000000000000000
000000000000000000000000
000000000000000000000000
000000000000000000000000
000000000000000000000000
000000000000000000000000
000000000000000000000000
000000000000000000000000
000000000000000000000000
start_draw_0:
000000000000000000000000
000000000000000000000000
000000000000000000000000
000000000000000000000000
000000000000000000000000
000000000000000000000000
000000000000000000000000
000000000000000000000000
000011100000000000000000
000011100000000000111000
000011100000000000111100
000011100000000011111100
000011100000000011111100
000011100000000111001100
000011100000000111001100
000011100000001111001100
000011100000001110001100
000011100000001110001100
000011100000001100001100
000011100000001100001100
000011100000001100001100
000011100000001100001100
000011100000011100001100
000001100000011100011100
000001100000011100111100
000001100000011101111000
000001100000001111111000
000001110000001111110000
000001110000000000000000
000001110000000000000000
000000000000000000000000
000000000000000000000000
000000000000000000000000
000000000000000000000000
000000000000000000000000
000000000000000000000000
start_draw_0:
000000000000000000000000
000000000000000000000000
000000000000000000000000
000000000000000000000000
000000000000000000000000
000000000000000000000000
000000000001100000000000
000000000001110000000000
110000000001110000000000
110000000001110000000000
110000000000110000000000
110000000000110000000000
111000000000110000000000
111000000000110000000000
111000000000110000000000
111000000000110000000000
011000000000110000000000
011000000000110000000000
011000000000110000000000
011100000000110000000000
011100000000110000000000
011100000000110000000000
001100000000110000000000
001100000000110000000000
001100000000110000000000
001100000000000000000000
001100000000000000000000
001100000000000000000000
000000000000000000000000
000000000000000000000000
000000000000000000000000
000000000000000000000000
000000000000000000000000
000000000000000000000000
000000000000000000000000
000000000000000000000000
start_draw_0:
000000000000000000000000
000000000000000000000000
000000000000000000000000
000000000000000000000000
000000000000000000000000
000000011000000000000000
000000011000011111000000
000000011100011111110000
000000011100011111110000
000000011100000001110000
000000011100000000110000
000000011100000000110000
000000011100000000110000
000000011100000001110000
000000011100000001110000
000000011100000011100000
000000011100000011100000
000000011100000111000000
000000011100001111000000
000000011100001110000000
000000011100001110000000
000000011100001111110000
000000011100001111110000
000000000000000000000000
000000000000000000000000
000000000000000000000000
000000000000000000000000
000000000000000000000000
000000000000000000000000
000000000000000000000000
000000000000000000000000
000000000000000000000000
000000000000000000000000
000000000000000000000000
000000000000000000000000
000000000000000000000000