start_draw_0:
000000000000000000000000
000000000000000000000000
000000000000000000000000
000000000000000000000000
000000000000000000000000
000000000000000000000000
000000000111111000000000
000000011111111100000000
000000011110011100000000
000000000000011100000000
000000000000011100000000
000000000000011100000000
000000000000111000000000
000000000001111000000000
000000000011110000000000
000000000011100000000000
000000000111100000000000
000000000111111100000000
000000000111111110000000
000000000111001110000000
000000000000000110000000
000000000000000110000000
000000000000001110000000
000000000000011110000000
000000000001111100000000
000000000011111000000000
000000001111110000000000
000000001111000000000000
000000001110000000000000
000000000000000000000000
000000000000000000000000
000000000000000000000000
000000000000000000000000
000000000000000000000000
000000000000000000000000
000000000000000000000000
start_draw_0:
000000000000000000000000
000000000000000000000000
000000000000000000000000
000000000000000000000000
000000000000000000000000
000000000000000000000000
001111000000000000000000
111111111000000000000000
111111111000000000000000
111000111100000000000000
000000011110000000000000
000000001110000000000000
000000001110000000000000
000000001110000000000000
000000111110000000000000
000001111100000000000000
000001111100000000000000
000000111110000000000000
000000011110000000000000
000000001111000000000000
000000000111000000000000
000000111111000000000000
000000111110000000000000
000000000000000000000000
000000000000000000000000
000000000000000000000000
000000000000000000000000
000000000000000000000000
000000000000000000000000
000000000000000000000000
000000000000000000000000
000000000000000000000000
000000000000000000000000
000000000000000000000000
000000000000000000000000
000000000000000000000000
start_draw_0:
000000000000000000000000
000000000000000000000000
000000000000000000000000
000000000000000000000000
000000000000000000000000
000000000000000000000000
000000000000000000000000
000001111111000000000000
000001111111110000000000
000001100111111100000000
000000000000111110000000
000000000000001110000000
000000000000001110000000
000000000000011110000000
000000000001111110000000
000000000111111000000000
000000000111110000000000
000000000011110000000000
000000000001111000000000
000000000000111100000000
000000000000011100000000
000000000000001110000000
000000000000001110000000
000000000000001110000000
000000011111111110000000
000000011111111110000000
000000000111110000000000
000000000000000000000000
000000000000000000000000
000000000000000000000000
000000000000000000000000
000000000000000000000000
000000000000000000000000
000000000000000000000000
000000000000000000000000
000000000000000000000000
start_draw_0:
000000000000000000000000
000000000000000000000000
000000000000000000000000
000000000000000000000000
000000000000011111000000
000000000000011111100000
000000000000011011100000
000000000000000001110000
000000000000000001110000
000000000000000000110000
000000000000000000110000
000000000000000000110000
000000000000000000111000
000000000000000001111000
000000000000000001110000
000000000000000111110000
000000000000001111100000
000000000000001111110000
000000000000000111111000
000000000000000000111100
000000000000000000011110
000000000000000000001110
000000000000000000001110
000000000000000000000110
000000000000000000000110
000000000000000000011110
000000000000000111111110
000000000000000111111000
000000000000000111100000
000000000000000000000000
000000000000000000000000
000000000000000000000000
000000000000000000000000
000000000000000000000000
000000000000000000000000
000000000000000000000000
start_draw_0:
000000000000000000000000
000111100000000000000000
001111111000000000000000
001111111110000000000000
000000111111000000000000
000000001111100000000000
000000000111100000000000
000000001111100000000000
000000011111000000000000
000000011110000000000000
000000011110000000000000
000000000111000000000000
000000011111000000000000
000111111111000000000000
000111111100000000000000
000000000000000000000000
000000000000000000000000
000000000000000000000000
000000000000000000000000
000000000000000000000000
000000000000000000000000
000000000000000000000000
000000000000000000000000
000000000000000000000000
000000000000000000000000
000000000000000000000000
000000000000000000000000
000000000000000000000000
000000000000000000000000
000000000000000000000000
000000000000000000000000
000000000000000000000000
000000000000000000000000
000000000000000000000000
000000000000000000000000
000000000000000000000000
start_draw_0:
000000000000000000000000
000000000000000000000000
000000000000000000000000
000000000000000000000000
000000000000000000000000
000000000000000000000000
000000000000000000000000
000000000000000000000000
000000000000000000000000
000000000000000000000000
000000000000000000000000
000000000000000000000000
000000000000000000000000
000000000000000000000000
000000000000000000000000
000000000000000000000000
000000000000000000000000
000000000000000000000000
000000000000000000000000
000000000000000000000000
000000000000000000000000
000011111110000000000000
011111111111000000000000
111111111111000000000000
111000000111000000000000
000000001111000000000000
000000011110000000000000
000001111100000000000000
000001111000000000000000
000001111100000000000000
000000111110000000000000
000000001110000000000000
000000011110000000000000
000111111110000000000000
000111111100000000000000
000000000000000000000000
start_draw_0:
000000000000000000000000
000000000000000000000000
000000000000000000000000
000000000000000000000000
000000000000000000000000
000000000000000000000000
000000000000000000000000
000000000000000000000000
000000000000000000000000
000000000000000000000000
000000000000000000000000
000000000000000000000000
000000000000000000000000
000000000000000000000000
000000000000011111110000
000000000000011111111100
000000000000011001111110
000000000000000000001110
000000000000000000011110
000000000000000000111100
000000000000000001111100
000000000000000011110000
000000000000000011110000
000000000000000001110000
000000000000000000110000
000000000000000001110000
000000000000111111110000
000000000000111111110000
000000000000011100000000
000000000000000000000000
000000000000000000000000
000000000000000000000000
000000000000000000000000
000000000000000000000000
000000000000000000000000
000000000000000000000000
start_draw_0:
000000000000000000000000
000000000000000000000000
000000000000000000000000
000011111111100000000000
000011111111110000000000
000011100011111000000000
000011000000111100000000
000011000000011100000000
000000000000011100000000
000000000000001100000000
000000000000001100000000
000000000000001100000000
000000000000011100000000
000000000000111100000000
000000000001111000000000
000000011111110000000000
000000011111100000000000
000000011110000000000000
000000011111000000000000
000000001111110000000000
000000000011111000000000
000000000001111000000000
000000000000111100000000
000000000000011110000000
000000000000001110000000
000000000000000111000000
000000000000000111000000
000110000000000111000000
000110000000111111000000
000111111111111110000000
000111111111111000000000
000000000000000000000000
000000000000000000000000
000000000000000000000000
000000000000000000000000
000000000000000000000000
start_draw_0:
000000000000000000000000
000000000111000000000000
000001111111110000000000
000011111111111000000000
000111110001111100000000
000111000000011100000000
000110000000011100000000
000000000000001100000000
000000000000001100000000
000000000000011100000000
000000000000111100000000
000000000001111100000000
000000000011111000000000
000000000111110000000000
000000011111100000000000
000000011110000000000000
000000011111000000000000
000000000111100000000000
000000000011110000000000
000000000001110000000000
000000000001110000000000
000000000000110000000000
000000000001110000000000
000000000011110000000000
000000111111110000000000
000001111111000000000000
000001111000000000000000
000000000000000000000000
000000000000000000000000
000000000000000000000000
000000000000000000000000
000000000000000000000000
000000000000000000000000
000000000000000000000000
000000000000000000000000
000000000000000000000000
start_draw_0:
000000000000000000000000
000000000000000000000000
000000000000000000000000
000000000000000000000000
000000000000000000000000
000000000000000000000000
000000000000000000000000
000000000000000000000000
000000000000000000000000
000000000000000000000000
000000000000000000000000
000000000000000000000000
000000000000000000000000
011111111100000000000000
011111111111100000000000
011100011111110000000000
000000000011110000000000
000000000001110000000000
000000000001110000000000
000000000011110000000000
000000011111100000000000
000111111111000000000000
000111111100000000000000
000011111100000000000000
000000011100000000000000
000000001100000000000000
000000001100000000000000
000011001100000000000000
000011111100000000000000
000011111100000000000000
000000000000000000000000
000000000000000000000000
000000000000000000000000
000000000000000000000000
000000000000000000000000
000000000000000000000000
start_draw_0:
000000000000000000000000
000000000000000000000000
000000000000000011110000
000000000000001111111000
000000000000001111111000
000000000000001100011000
000000000000000000011000
000000000000000000011100
000000000000000000011100
000000000000000000011100
000000000000000000011100
000000000000000000111000
000000000000000011111000
000000000000000011110000
000000000000000001110000
000000000000000001111000
000000000000000000111000
000000000000011000011100
000000000000011111111100
000000000000011111111100
000000000000000000000000
000000000000000000000000
000000000000000000000000
000000000000000000000000
000000000000000000000000
000000000000000000000000
000000000000000000000000
000000000000000000000000
000000000000000000000000
000000000000000000000000
000000000000000000000000
000000000000000000000000
000000000000000000000000
000000000000000000000000
000000000000000000000000
000000000000000000000000
start_draw_0:
000000000000000000000000
000000000000000000000000
000000000011100000000000
000000111111100000000000
000001111111110000000000
000001110001110000000000
000000000000110000000000
000000000000110000000000
000000000000110000000000
000000000001110000000000
000000000111110000000000
000011111111100000000000
000111111111100000000000
000111110001110000000000
000000000001110000000000
000000000001110000000000
000000000001110000000000
000000000001110000000000
000000000011100000000000
000011100111100000000000
000011111111100000000000
000011111111000000000000
000001110000000000000000
000000000000000000000000
000000000000000000000000
000000000000000000000000
000000000000000000000000
000000000000000000000000
000000000000000000000000
000000000000000000000000
000000000000000000000000
000000000000000000000000
000000000000000000000000
000000000000000000000000
000000000000000000000000
000000000000000000000000
start_draw_0:
000000000000000000000000
000000000000000000000000
000000000000000000000000
000000000000000000000000
000000000000000000000000
000011111111110000000000
000011111111111100000000
000000000000111110000000
000000000000001111000000
000000000000000111100000
000000000000000011110000
000000000000000001110000
000000000000000001110000
000000000000000001110000
000000000000000111100000
000000000000001111100000
000000000000111111000000
000000000011111100000000
000000011111111111000000
000000011111111111100000
000000000000000011100000
000000000000000001100000
000000000000000011100000
000000000000000011100000
000000000000000111100000
000000110000001111000000
000000111001111111000000
000000111111111100000000
000000111111100000000000
000000111110000000000000
000000001110000000000000
000000000000000000000000
000000000000000000000000
000000000000000000000000
000000000000000000000000
000000000000000000000000
start_draw_0:
000000000000000011111111
000000000000000011111111
000000000000000000000011
000000000000000000000011
000000000000000000000001
000000000000000000000001
000000000000000000000011
000000000000000000001111
000000000000000001111111
000000000000000011111110
000000000000000011111111
000000000000000000001111
000000000000000000000011
000000000000000000000011
000000000000000000000011
000000000110000000000011
000000000111100000000111
000000000111110000111111
000000000011111111111110
000000000000111111111000
000000000000000000000000
000000000000000000000000
000000000000000000000000
000000000000000000000000
000000000000000000000000
000000000000000000000000
000000000000000000000000
000000000000000000000000
000000000000000000000000
000000000000000000000000
000000000000000000000000
000000000000000000000000
000000000000000000000000
000000000000000000000000
000000000000000000000000
000000000000000000000000
start_draw_0:
111100000000000000000000
111111100000000000000000
011111111000000000000000
000011111100000000000000
000000011100000000000000
000000001100000000000000
000011111100000000000000
111111111100000000000000
111111100000000000000000
111111100000000000000000
011111100000000000000000
000011110000000000000000
000001111000000000000000
000000111000000000000000
000000011000000000000000
000000111000000000000000
111111111000000000000000
111111110000000000000000
000000000000000000000000
000000000000000000000000
000000000000000000000000
000000000000000000000000
000000000000000000000000
000000000000000000000000
000000000000000000000000
000000000000000000000000
000000000000000000000000
000000000000000000000000
000000000000000000000000
000000000000000000000000
000000000000000000000000
000000000000000000000000
000000000000000000000000
000000000000000000000000
000000000000000000000000
000000000000000000000000
start_draw_0:
000001111111111111000000
000000000000111111100000
000000000000000111100000
000000000000000011100000
000000000000000001100000
000000000000000001100000
000000000000000001100000
000000000000000011100000
000000000000000111100000
000000000000011111000000
000000000111111110000000
000001111111111100000000
000001111111100000000000
000001111111111110000000
000000000011111111100000
000000000000000111100000
000000000000000001100000
000000000000000001110000
000000000000000001110000
000000000000000001110000
000000000000000001100000
000000000000000011100000
000000000000000011100000
000000000000000111000000
000000000000001111000000
000000000000111110000000
000110011111111100000000
000111111111110000000000
000111111100000000000000
000000000000000000000000
000000000000000000000000
000000000000000000000000
000000000000000000000000
000000000000000000000000
000000000000000000000000
000000000000000000000000
start_draw_0:
000011111111110000000000
000011100011110000000000
000000000001111000000000
000000000000111000000000
000000000000011100000000
000000000000011100000000
000000000000001100000000
000000000000001100000000
000000000000001110000000
000000000000001110000000
000000000000001110000000
000000000000000110000000
000000000000011110000000
000000000001111110000000
000000111111111100000000
000000111111110000000000
000000001111111111100000
000000000001111111100000
000000000000000001100000
000000000000000011100000
000000000000000011100000
000000000000000111000000
000000000000000111000000
000000110000001111000000
000000111100111110000000
000000111111111100000000
000000011111111000000000
000000000111000000000000
000000000111000000000000
000000000011000000000000
000000000000000000000000
000000000000000000000000
000000000000000000000000
000000000000000000000000
000000000000000000000000
000000000000000000000000
start_draw_0:
000000000000000000000000
000000000000000000000000
000000011111000000000000
000000111111100000000000
000000111111111000000000
000000000001111000000000
000000000000111100000000
000000000000011110000000
000000000000001111000000
000000000000000111000000
000000000000000111000000
000000000000000111000000
000000000000001111000000
000000000001111110000000
000000011111111100000000
000000111111111000000000
000000111111111110000000
000000000000011111000000
001100000000000111000000
001100000000000011000000
001111000000000111000000
001111100000001111000000
000111110000011110000000
000011111111111100000000
000000111111111000000000
000000000000000000000000
000000000000000000000000
000000000000000000000000
000000000000000000000000
000000000000000000000000
000000000000000000000000
000000000000000000000000
000000000000000000000000
000000000000000000000000
000000000000000000000000
000000000000000000000000
start_draw_0:
000000000000000000000000
000000000000000000000000
000000000000000000000000
000000000000000000000000
000000000000000000000000
001111100000000000000000
001111111110000000000000
000011111111100000000000
000000001111100000000000
000000000011110000000000
000000000001111000000000
000000000000111000000000
000000000000111000000000
000000000000011100000000
000000000000011100000000
000000001111111100000000
000000001111111100000000
000000001111100000000000
100000000001110000000000
100000000001110000000000
100000000000111000000000
111000000000111000000000
111111000000111000000000
011111111111111000000000
000111111111110000000000
000000111111000000000000
000000000000000000000000
000000000000000000000000
000000000000000000000000
000000000000000000000000
000000000000000000000000
000000000000000000000000
000000000000000000000000
000000000000000000000000
000000000000000000000000
000000000000000000000000
start_draw_0:
111111000000000000000000
111111111111000000000000
001111111111100000000000
000000000011110000000000
000000000001110000000000
000000000000111000000000
000000000000111000000000
000000000000011100000000
000000000000011100000000
000000000000011100000000
000000000000111100000000
100000001111111100000000
100000111111110000000000
100000111111111000000000
100000011111111100000000
100000000000011100000000
000000000000011100000000
100000000000011100000000
111000000000111100000000
111100000001111000000000
011111001111110000000000
001111111111100000000000
000111111110000000000000
000000000000000000000000
000000000000000000000000
000000000000000000000000
000000000000000000000000
000000000000000000000000
000000000000000000000000
000000000000000000000000
000000000000000000000000
000000000000000000000000
000000000000000000000000
000000000000000000000000
000000000000000000000000
000000000000000000000000
start_draw_0:
000001111111111111000000
000001111111110111100000
000001100000000011110000
000000000000000001111000
000000000000000000111000
000000000000000000011000
000000000000000000011000
000000000000000000011000
000000000000000000111000
000000000000000001111000
000000000000000011110000
000000000000011111100000
000000000011111111000000
000000001111111100000000
000000111111100000000000
000000111111000000000000
000000111111111000000000
000000000111111110000000
000000000000011110000000
000000000000001111000000
000000000000000111100000
000000000000000011100000
000000000000000011100000
000000000000000001110000
000000000000000001110000
000000000000000001110000
000011000000000001110000
000011000111111111110000
000011111111111111100000
000011111111111100000000
000000000000000000000000
000000000000000000000000
000000000000000000000000
000000000000000000000000
000000000000000000000000
000000000000000000000000
start_draw_0:
001111111110000000000000
001111111111110000000000
000000000111111100000000
000000000001111110000000
000000000000001111000000
000000000000001111000000
000000000000000111100000
000000000000000011100000
000000000000000001110000
000000000000000001110000
000000000000000001110000
000000000000000000110000
000000000000000000110000
000000000000000000110000
000000000000000000110000
000000000000000000110000
000000000000000001110000
000000000000111111110000
000001111111111111110000
000001111111111100000000
000000011111111111000000
000000000001111111100000
000000000000000111110000
000000000000000011110000
000000000000000001110000
000000000000000000111000
000000000000000000111000
000000000000000000111000
000000000000000000111000
000000000000000001110000
110000000000000011110000
111111111111111111110000
111111111111111111000000
000011111110000000000000
000000000000000000000000
000000000000000000000000
start_draw_0:
000000000111111111000000
000000000000011111000000
000000000000000011000000
000000000000000111000000
000000000001111111000000
000000000001111111000000
000000000001111111000000
000000000000000011000000
000000000000000111000000
000000000000011111000000
000000001111111111000000
000000001111111100000000
000000000000000000000000
000000000000000000000000
000000000000000000000000
000000000000000000000000
000000000000000000000000
000000000000000000000000
000000000000000000000000
000000000000000000000000
000000000000000000000000
000000000000000000000000
000000000000000000000000
000000000000000000000000
000000000000000000000000
000000000000000000000000
000000000000000000000000
000000000000000000000000
000000000000000000000000
000000000000000000000000
000000000000000000000000
000000000000000000000000
000000000000000000000000
000000000000000000000000
000000000000000000000000
000000000000000000000000
start_draw_0:
000000000000000000000000
000000000000000000000000
000000000000000000000000
000000000000000000000000
000000000000000000000000
000000000000000000000000
000000000000000000000000
000000000000000000000000
000000000000000000000000
000000000000000000000000
000000000000000000000000
000000000000000000000000
000000000000000000000000
000000000000000000000000
000000000000000000000000
000000000000000000000000
000000000000000000000000
000000000000000000000000
000000000000000000000000
000000000000000000000000
000000000000000000000000
000000000000000000000000
000000000000000000000000
000011110000000000000000
000011111000000000000000
000001111000000000000000
000000011000000000000000
000000011000000000000000
000011111000000000000000
000011111000000000000000
000000011000000000000000
000000011000000000000000
011100011000000000000000
011111111000000000000000
011111111000000000000000
000001111000000000000000
start_draw_0:
000011111000000000000000
000111111100000000000000
000111111100000000000000
000110011100000000000000
000000001100000000000000
000000011100000000000000
000000011100000000000000
000000111100000000000000
000000111000000000000000
000000111000000000000000
000000011000000000000000
000000011000000000000000
000000011000000000000000
000000011000000000000000
000000011000000000000000
000000111000000000000000
000001111000000000000000
111111110000000000000000
111111110000000000000000
000000000000000000000000
000000000000000000000000
000000000000000000000000
000000000000000000000000
000000000000000000000000
000000000000000000000000
000000000000000000000000
000000000000000000000000
000000000000000000000000
000000000000000000000000
000000000000000000000000
000000000000000000000000
000000000000000000000000
000000000000000000000000
000000000000000000000000
000000000000000000000000
000000000000000000000000
start_draw_0:
000000000000000000000000
000000000000000000000000
000000000000000000000000
000000011111111111000000
000011111111111111000000
000111111100000011000000
001111100000000011000000
001110000000000111000000
001100000000000111000000
000000000000000110000000
000000000000001110000000
000000000000011110000000
000000000000111100000000
000000000000111000000000
000000000011111000000000
000000000111110000000000
000000011111100000000000
000000111110000000000000
000011111100000000000000
000011111111000000000000
000000001111000000000000
000000000011100000000000
000000000011100000000000
000000000011100000000000
000000000001100000000000
000000000001100000000000
000000000011100000000000
000000000011100000000000
000000000111100000000000
000000000111000000000000
111000011111000000000000
111111111110000000000000
011111111000000000000000
001111100000000000000000
000000000000000000000000
000000000000000000000000
start_draw_0:
000000000000000000000000
000000000000000000000000
000000000000000000000000
000000000000000000000000
000000000000000000000000
000000000000000000000000
000000000000000000000000
000000000000000000000000
000000000000000000000000
000000000000000000000000
000001111111111000000000
000011111111111110000000
000111111111111110000000
000111000000000110000000
000000000000001110000000
000000000000011110000000
000000000000111100000000
000000000001111000000000
000000000011110000000000
000000000111111110000000
000000000111111111100000
000000000000000111110000
000000000000000011110000
000000000000000000111000
000000000000000000111000
000000011000000000111000
000000011100000011111000
000000011111111111110000
000000001111111111100000
000000000000110000000000
000000000000000000000000
000000000000000000000000
000000000000000000000000
000000000000000000000000
000000000000000000000000
000000000000000000000000
start_draw_0:
000000000000000000000000
001111111110000000000000
011111111111000000000000
011100001111000000000000
111000000011000000000000
111000000011000000000000
111000000011000000000000
110000000111000000000000
000000001111000000000000
000000011110000000000000
000000111100000000000000
000001111100000000000000
000011110000000000000000
000111100000000000000000
011111000000000000000000
011111111111100000000000
011111111111111100000000
000000000011111110000000
000000000000001110000000
000000000000011110000000
000000000000011100000000
000000000001111100000000
000110000011111000000000
000111001111110000000000
000111111111000000000000
000111111110000000000000
000011110000000000000000
000000000000000000000000
000000000000000000000000
000000000000000000000000
000000000000000000000000
000000000000000000000000
000000000000000000000000
000000000000000000000000
000000000000000000000000
000000000000000000000000
start_draw_0:
000000000000000000000000
000000000000000000000000
000000000000000000000000
000000011111111110000000
000000111111111111100000
000000111100001111110000
000000110000000011111000
000000110000000000111000
000000000000000000111000
000000000000000000011000
000000000000000000111000
000000000000000001111000
000000000000000111111000
000000000000011111100000
000000000000111111000000
000000000000111111000000
000000000000001111100000
000000000000000111110000
000000000000000001110000
000000000000000001111000
000000000000000000111000
000000000000000000111000
000000000000000000011000
000000000000000000111000
001110000000000000111000
001111000000000001111000
001111111000000011110000
000011111111111111100000
000000111111111111000000
000000000000000000000000
000000000000000000000000
000000000000000000000000
000000000000000000000000
000000000000000000000000
000000000000000000000000
000000000000000000000000
start_draw_0:
000000000000000000000000
000000000000000000000000
000000000000000000000000
000011111111111110000000
000111111111111111100000
000111000000001111110000
000111000000000011111000
000111000000000001111100
000111100000000000011100
000011110000000000011100
000001110000000001111100
000000000000011111111000
000000000000011111110000
000000000000000011111000
000000000000000000111000
000000000000000000111000
000000000000000000011000
000000000000000000011000
000000000000000000011000
000000000000000000011000
000000000000000000011000
000000000000000000111000
000000000000000000111000
000000000000000000111000
000000000000000001110000
000000000000000011110000
000000000000000011100000
000000011100000111100000
000000011100001111000000
000000001100111110000000
000000001111111100000000
000000001111110000000000
000000000000000000000000
000000000000000000000000
000000000000000000000000
000000000000000000000000
start_draw_0:
000000000000000000000000
000000000000000000000000
000000000000000000000000
000000000000000000000000
000000000000000000000000
000000000000000000000000
000000000000000000000000
000000000000000000000000
000000000000000000000000
000000000000000000000000
000000000000000000000000
000000000000000000000000
000000000000000000000000
000000011111100000000000
000001111111100000000000
000011111111100000000000
000011100001100000000000
000011100001100000000000
000011000011100000000000
000000000011100000000000
000000000111000000000000
000000001111000000000000
000000011110000000000000
000000111100000000000000
000000111111100000000000
000000011111110000000000
000000000011111000000000
000000000000111100000000
000000000000011100000000
000011000000011100000000
000011100000111100000000
000011111111111100000000
000001111111111000000000
000000000000000000000000
000000000000000000000000
000000000000000000000000
start_draw_0:
000000000000000000000000
000000000000000000000000
000000000000000000000000
000000000000000000000000
000000000000000000000000
000000000000000000000000
000000000000000000000000
000000000000000000000000
000000000000000000000000
000000000000000000000000
000000000000000000000000
000000000000000000000000
000000000000000000000000
000000000000000000000000
000000000000000000000000
000000000000000000000000
000000000000000000000000
000000000011111110000000
000000000111111111100000
000000000111100111100000
000000000000000001100000
000000000000000111100000
000000000000001111100000
000000000000011111000000
000000000000111110000000
000000000001111111100000
000000000001111111111000
000000000000000011111000
000000000011000000111000
000000000011110000011000
000000000011111001111000
000000000001111111111000
000000000000011111110000
000000000000000000000000
000000000000000000000000
000000000000000000000000
start_draw_0:
000000000000000000000000
000000001111111100000000
000011111111111100000000
001111111111111100000000
001111000000001110000000
001100000000001110000000
001100000000001110000000
001100000000001110000000
000000000000001100000000
000000000000011100000000
000000000000111100000000
000000000001111100000000
000000001111111000000000
000000001111111000000000
000000001111111000000000
000000000000111100000000
000000000000011100000000
000000000000001110000000
000000000000001110000000
000000000000001110000000
000000000000011110000000
000000000000111100000000
000000000001111000000000
000000000111110000000000
001110111111100000000000
001111111111000000000000
000111111100000000000000
000000000000000000000000
000000000000000000000000
000000000000000000000000
000000000000000000000000
000000000000000000000000
000000000000000000000000
000000000000000000000000
000000000000000000000000
000000000000000000000000
start_draw_0:
000000000000000000000000
000000000000000000000000
000000000000000000000000
000000000000000000000000
000011111111111100000000
001111111111111100000000
001111000000011100000000
001110000000011100000000
000000000000011100000000
000000000000011100000000
000000000000011100000000
000000000000111000000000
000000000000111000000000
000000000000111000000000
000000000001110000000000
000000000011110000000000
000000000011100000000000
000000000111100000000000
000000001111000000000000
000000011111000000000000
000000011111111000000000
000000000011111100000000
000000000000111110000000
000000000000001111000000
000000000000000111100000
000000000000000011100000
000000000000000001100000
000000000000000001100000
000000000000000111100000
000000000111111111100000
000000001111111111000000
000000001111100000000000
000000000000000000000000
000000000000000000000000
000000000000000000000000
000000000000000000000000
start_draw_0:
000000000000000000000000
000000000000000000000000
000000000000000000000000
000000001111111111111100
000000001111111111111110
000000001100000000011110
000000000000000000000110
000000000000000000001110
000000000000000000011110
000000000000000000111100
000000000000000011111000
000000000000001111111000
000000000000011111100000
000000000000011111110000
000000000000000001111000
000000000000000000111000
000000000000000000111000
000000000000000000111000
000000000000000000011000
000000000000000000111000
000000000000000000111000
000001110000000001110000
000001111100000111110000
000001111111111111110000
000000011111111110000000
000000000000000000000000
000000000000000000000000
000000000000000000000000
000000000000000000000000
000000000000000000000000
000000000000000000000000
000000000000000000000000
000000000000000000000000
000000000000000000000000
000000000000000000000000
000000000000000000000000
start_draw_0:
000000000000000000000000
000000000000000000000000
000000000000000000000000
000000000111110000000000
000111111111111000000000
011111111111111000000000
111111000000111000000000
111100000000111000000000
111000000000111000000000
000000000001110000000000
000000000011110000000000
000000000111110000000000
000000001111100000000000
000000111111000000000000
000011111100000000000000
000011110000000000000000
000011111100000000000000
000000111110000000000000
000000011111000000000000
000000000111100000000000
000000000011110000000000
000000000001110000000000
000000000000111000000000
000000000000111000000000
000000000000011100000000
000000000000011100000000
000000000000011100000000
000001110000111100000000
000001111001111100000000
000000111111111000000000
000000011111110000000000
000000000000000000000000
000000000000000000000000
000000000000000000000000
000000000000000000000000
000000000000000000000000
start_draw_0:
000000000000000000000000
000000000000000000000000
000000000000000000000000
000000000000000000000000
000111111111111000000000
001111111111111100000000
001110000000011110000000
001100000000001110000000
001100000000001110000000
001100000000000110000000
001100000000000110000000
001110000000000110000000
001111000000000110000000
000111000000001110000000
000111000000001110000000
000000000000011110000000
000000000000111111110000
000000000000111111111000
000000000000111001111100
000000000000000000011110
000000110000000000001110
000000110000000000001110
000000110000000000000110
000000111000000000000110
000000111000000000000110
000000111000000000000110
000000011100000000000110
000000011110000000001110
000000001111000000011110
000000001111110001111100
000000000011111111111100
000000000000111111110000
000000000000000000000000
000000000000000000000000
000000000000000000000000
000000000000000000000000
start_draw_0:
000000000000000000000000
000000000000000000000000
000000000000000000000000
000000000000000000000000
000000000000000000000000
000000000000000000000000
000001111111111110000000
000011111111111110000000
000011100000001110000000
000011100000001110000000
000011100000011110000000
000000000000011100000000
000000000001111100000000
000000000011111000000000
000000000011111100000000
000000000011111111000000
000000000000001111100000
000000000000000011110000
011100000000000001110000
011100000000000000110000
011100000000000001110000
001111000000000011110000
001111110000011111100000
000111111111111111100000
000000111111111000000000
000000000000000000000000
000000000000000000000000
000000000000000000000000
000000000000000000000000
000000000000000000000000
000000000000000000000000
000000000000000000000000
000000000000000000000000
000000000000000000000000
000000000000000000000000
000000000000000000000000
start_draw_0:
000000000000000000000000
000000000000000000000000
000000000000000000000000
000000000000000110000000
000001111111111111000000
000011111111111111110000
000111100000000011111000
000111000000000000111000
000110000000000000011000
000000000000000000011000
000000000000000000011100
000000000000000000011100
000000000000000000111100
000000000000000001111000
000000000000001111110000
000000000001111111100000
000000000001111110000000
000000000001111100000000
000000000000011110000000
000000000000001111000000
000000000000000111000000
000000000000000011100000
000000000000000011100000
000000000000000011100000
000000000000000011100000
000000000000000011100000
000000000000000111100000
000000000000001111000000
000000000111111110000000
000000011111111100000000
000000011111000000000000
000000000000000000000000
000000000000000000000000
000000000000000000000000
000000000000000000000000
000000000000000000000000
start_draw_0:
000000000000000000000000
000000000000000000000000
000000000000000000000000
000000000000000000000000
000000000000000000000000
000000000000000000000000
000000000000000000000000
000000000000000000000000
000000000000000000000000
000000000000000000000000
000000000000000000000000
000000000000000000000000
000000000000000000000000
000000000000000000000000
000000000000000000000000
000000000000000000000000
000000000000000000000000
000011111000000000000000
001111111100000000000000
001111111110000000000000
001110001110000000000000
000000000110000000000000
000000000110000000000000
000000000110000000000000
000000001110000000000000
000000011110000000000000
000000111100000000000000
000000111100000000000000
111000111100000000000000
111111011100000000000000
111111111100000000000000
000111111100000000000000
000000000000000000000000
000000000000000000000000
000000000000000000000000
000000000000000000000000
start_draw_0:
000000000000000000000000
000000000000000000000000
000000000000000000000000
000000000000000000000000
000000000000000000000000
000000000000000000000000
000000000000000000000000
000000000000000000000000
000000000000000000000000
000000000000000000000000
000000000000000000000000
000000000000000000000000
000000000000000000000000
000000000000000000000000
000000000000000000000000
000000000000000000000000
000000000000111100000000
000000000000111111000000
000000000000111111100000
000000000000011011111000
000000000000000001111000
000000000000000000111000
000000000000000000011000
000000000000000000011000
000000000000000000111000
000000000000000001111000
000000000000000011110000
000000000000011111110000
000000000000011111111100
000000001100011110111110
000000001111000000001110
000000001111111111111110
000000000111111111111100
000000000000000000000000
000000000000000000000000
000000000000000000000000
start_draw_0:
000000000000000000000000
000000000000000000000000
000000000000000000000000
000000000000000000000000
000000000000000000000000
000000000000000000000000
000000000000000000000000
000000000000000000000000
001111111000000000000000
111111111100000000000000
111100011100000000000000
111000011100000000000000
100000011100000000000000
000000011100000000000000
000000111100000000000000
000001111000000000000000
000011111000000000000000
000011100000000000000000
000011110000000000000000
000011110000000000000000
000001110000000000000000
000000111000000000000000
000000111000000000000000
001111111000000000000000
001111110000000000000000
000000000000000000000000
000000000000000000000000
000000000000000000000000
000000000000000000000000
000000000000000000000000
000000000000000000000000
000000000000000000000000
000000000000000000000000
000000000000000000000000
000000000000000000000000
000000000000000000000000
start_draw_0:
000000000000000000000000
000000000000000000000000
000000000000000000000000
000000000000000000000000
000000000000000000000000
000000000000000000000000
000000011111100000000000
000000111111110000000000
000000111001110000000000
000000110001110000000000
000000110000110000000000
000000110001110000000000
000000000001110000000000
000000000011100000000000
000000000111100000000000
000000000111000000000000
000000000111100000000000
000000000111110000000000
000000000011111000000000
000000000000111100000000
000000000000011100000000
000000000001111100000000
000001111111111000000000
000001111111110000000000
000000000000000000000000
000000000000000000000000
000000000000000000000000
000000000000000000000000
000000000000000000000000
000000000000000000000000
000000000000000000000000
000000000000000000000000
000000000000000000000000
000000000000000000000000
000000000000000000000000
000000000000000000000000
start_draw_0:
000000000000000000000000
000000000000000000000000
000000000000000000000000
000000000000000000000000
000000000000000000000000
000000000000000000000000
000000000000000000000000
000000000000000000000000
000000000000000000000000
000000000000000000000000
000000000000001111111110
000000000000001111111111
000000000000001100000111
000000000000000000000111
000000000000000000000111
000000000000000000000111
000000000000000000001111
000000000000000000011110
000000000000000001111110
000000000000000001111000
000000000000000001111000
000000000000000001111100
000000000000000000011100
000000001110000000001100
000000001111100000001100
000000000111111100011100
000000000001111111111100
000000000000011111111000
000000000000000000000000
000000000000000000000000
000000000000000000000000
000000000000000000000000
000000000000000000000000
000000000000000000000000
000000000000000000000000
000000000000000000000000
start_draw_0:
000000011000000000000000
111111111000000000000000
111111111000000000000000
000000011000000000000000
000000111000000000000000
000000111000000000000000
000011111000000000000000
000111110000000000000000
000111110000000000000000
000111111100000000000000
000000111100000000000000
000000011110000000000000
000000001110000000000000
000000001110000000000000
000000000110000000000000
000000000110000000000000
000000000110000000000000
000000001110000000000000
111000111110000000000000
111111111100000000000000
111111110000000000000000
000000000000000000000000
000000000000000000000000
000000000000000000000000
000000000000000000000000
000000000000000000000000
000000000000000000000000
000000000000000000000000
000000000000000000000000
000000000000000000000000
000000000000000000000000
000000000000000000000000
000000000000000000000000
000000000000000000000000
000000000000000000000000
000000000000000000000000
start_draw_0:
000000000000000000000000
000000000000000111000000
000000000001111111110000
000000000001111111110000
000000000001110000110000
000000000001110001110000
000000000000000001110000
000000000000000001110000
000000000000000011100000
000000000000000111100000
000000000000001111000000
000000000000011110000000
000000000001111110000000
000000000001111100000000
000000000001111110000000
000000000000001111000000
000000000000000111000000
000000000000000111000000
000000000000000011000000
000000000000000011000000
000000111100000111000000
000000111111111111000000
000000011111111111000000
000000000000000000000000
000000000000000000000000
000000000000000000000000
000000000000000000000000
000000000000000000000000
000000000000000000000000
000000000000000000000000
000000000000000000000000
000000000000000000000000
000000000000000000000000
000000000000000000000000
000000000000000000000000
000000000000000000000000
start_draw_0:
000000000000000000000000
000000000000000000000000
000000000000000000000000
000000000000000000000000
000000000000000000000000
000000000000000000000000
000000000000000000000000
000000000000000000000000
000011111110000000000000
000111111111100000000000
001111111111100000000000
001110000011100000000000
000000000001100000000000
000000000011100000000000
000000000111100000000000
000000001111100000000000
000000011111000000000000
000000111110000000000000
000000111111000000000000
000000011111100000000000
000000000011110000000000
000000000001110000000000
000000000000110000000000
000000000000110000000000
000000000011110000000000
000001111111110000000000
000001111111100000000000
000000000000000000000000
000000000000000000000000
000000000000000000000000
000000000000000000000000
000000000000000000000000
000000000000000000000000
000000000000000000000000
000000000000000000000000
000000000000000000000000
start_draw_0:
000000000000000000000000
000000000000000000000000
000000000000000000000000
000000000000000000000000
000000000000000000000000
000000000000000000000000
000000000000000000000000
000000000000000000000000
000000000000000000000000
000000000000000000000000
000000000000000000000000
000000000000000000000000
000000000000000000000000
000000000000000000000000
000000011111111000000000
000000111111111110000000
000001111100011110000000
000001110000001110000000
000001100000000110000000
000001100000000110000000
000001100000001110000000
000000000000001110000000
000000000000011110000000
000000000000111100000000
000000000011111110000000
000000000011111110000000
000000000011111110000000
000000000000001110000000
000000000000001110000000
000000000000011110000000
000000011111111100000000
000000011111111000000000
000000000111000000000000
000000000000000000000000
000000000000000000000000
000000000000000000000000
start_draw_0:
000000000000000000000000
000000000000000000000000
000000000000000000000000
000000000000000000000000
000000000011111110000000
000000011111111110000000
000000111111101111000000
000000111100000111100000
000000111000000011100000
000000000000000011100000
000000000000000001110000
000000000000000001110000
000000000000000001110000
000000000000000000110000
000000000000000001110000
000000000000000001110000
000000000000000111110000
000000000000011111100000
000000000001111111000000
000000000001111100000000
000000000000111100000000
000000000000011110000000
000000000000001111000000
000000000000000111100000
000000000000000011110000
000000000000000001110000
000000000000000000111000
000000000000000000111000
000001110000000111111000
000001111111111111110000
000000111111111111000000
000000000111000000000000
000000000000000000000000
000000000000000000000000
000000000000000000000000
000000000000000000000000
start_draw_0:
000000000000000000000000
000000000000000000000000
000000111110000000000000
000111111111000000000000
000111111111100000000000
000111000011110000000000
000000000001111000000000
000000000000111100000000
000000000000011100000000
000000000000011110000000
000000000000001110000000
000000000000000110000000
000000000000001110000000
000000000000011110000000
000000000000111110000000
000000000000111100000000
000000000011111000000000
000000000111110000000000
000000000111100000000000
000000000111110000000000
000000000011111100000000
000000000000111110000000
000000000000011111000000
000000000000001111000000
000000000000000111000000
000000000000000011000000
000000000000000111000000
000000000000000111000000
000000000000001111000000
000000011100011110000000
000000011111111100000000
000000001111111000000000
000000000111000000000000
000000000000000000000000
000000000000000000000000
000000000000000000000000
start_draw_0:
000000000000000000000000
000000000000000111111000
000000000000001111111000
000000000000011110011000
000000000000111100011000
000000000001111000111000
000000000001110001111000
000000000000000011110000
000000000000000111100000
000000000000001111100000
000000000000011111000000
000000000001111100000000
000000000011111000000000
000000000011110000000000
000000000011111000000000
000000000001111110000000
000000000000011111000000
000000000000001111110000
000000000000000011111000
000000000000000001111100
000000000000000000011100
000000000000000000011100
000000000000000000001100
000000000000000000011100
000001110000000000111100
000001111000000111111100
000000111111111111110000
000000011111111111000000
000000000000000000000000
000000000000000000000000
000000000000000000000000
000000000000000000000000
000000000000000000000000
000000000000000000000000
000000000000000000000000
000000000000000000000000
start_draw_0:
000000000000000000000000
000000000000000000000000
000000000000000000000000
000111111111000000000000
000111111111100000000000
000111000111110000000000
000000000001110000000000
000000000001110000000000
000000000001110000000000
000000000011100000000000
000000000011100000000000
000000000111000000000000
000000001111000000000000
000000001110000000000000
000000011100000000000000
000000111111110000000000
000000111111111000000000
000000000000111100000000
000000000000011100000000
000000000000001110000000
000000000000001110000000
000000000000001110000000
000000000000000110000000
000000000000000110000000
000000000000001110000000
110000000000001110000000
111000000000001110000000
111110000000011110000000
011111111000011100000000
000111111111111000000000
000000111111111000000000
000000000000000000000000
000000000000000000000000
000000000000000000000000
000000000000000000000000
000000000000000000000000
start_draw_0:
000000000000000000000000
000000000000000000000000
000000000000000000000000
000000000000000000000000
000000000111111111000000
000000001111111111000000
000000001111100111000000
000000001110000111000000
000000001100000110000000
000000000000000110000000
000000000000001110000000
000000000000001110000000
000000000000011100000000
000000000000111100000000
000000000001111000000000
000000000111110000000000
000000000111100000000000
000000000111110000000000
000000000001111000000000
000000000000111100000000
000000000000011100000000
000000000000011110000000
000000000000001110000000
000000000000000111000000
000000000000000111000000
000000000000000111000000
000000000000000011000000
000000000000000011000000
001111000000000111000000
001111111100011111000000
000111111111111110000000
000000011111111000000000
000000000000000000000000
000000000000000000000000
000000000000000000000000
000000000000000000000000
start_draw_0:
000000000000000000000000
000000000000000000000000
000000000000000000000000
000000011110000000000000
011111111111100000000000
011111111111110000000000
011100000011110000000000
000000000000111000000000
000000000000111000000000
000000000000011100000000
000000000000011100000000
000000000000011100000000
000000000000001100000000
000000000000001100000000
000000000000011100000000
000000000001111100000000
000000000111111000000000
000000001111110000000000
000000001111000000000000
000000000111100000000000
000000000011110000000000
000000000001110000000000
000000000001110000000000
000000000000111000000000
000000000000111000000000
000000000000111000000000
000000000000011000000000
000000000000011000000000
000111000000111000000000
000111000000111000000000
000111100000111000000000
000011110001110000000000
000001111111110000000000
000000111111100000000000
000000001111000000000000
000000000000000000000000
start_draw_0:
000000000000000000000000
000000000000000000000000
000000000000000000000000
000000000000000000000000
000000000000111111110000
000000001111111111111100
000000001111111111111110
000000001100000000011110
000000001100000000000110
000000001100000000000110
000000000000000000000110
000000000000000000001110
000000000000000000001110
000000000000000000011110
000000000000000000111100
000000000000000001111000
000000000000000011110000
000000000000001111100000
000000000000111111000000
000000000011111110000000
000000000011111110000000
000000000000111111000000
000000000000001111100000
000000000000000011110000
111000000000000001110000
111100000000000000110000
011110000000000000110000
001111000000000000110000
000111100000000011110000
000011111000000111110000
000001111110001111100000
000000111111111111000000
000000001111111100000000
000000000000000000000000
000000000000000000000000
000000000000000000000000
start_draw_0:
000000000000000000000000
000000000000000000000000
000000000000000000000000
000000000000000000000000
000000111111111111100000
000111111111111111100000
001111110000000011100000
011110000000000011100000
011100000000000111100000
000000000000000111000000
000000000000011111000000
000000000000111110000000
000000000011111100000000
000000001111110000000000
000000011111000000000000
000000011111100000000000
000000001111111000000000
000000000001111100000000
000000000000111110000000
000000000000001110000000
000000000000001111000000
000000000000000111000000
000000000000000111000000
000000000000000111000000
000111111111111111000000
000111111111111110000000
000000000000000000000000
000000000000000000000000
000000000000000000000000
000000000000000000000000
000000000000000000000000
000000000000000000000000
000000000000000000000000
000000000000000000000000
000000000000000000000000
000000000000000000000000
start_draw_0:
000000000000000000000000
000000000000000000000000
000000000000000000000000
000000000000000000000000
000000000000000000000000
000000000000000000000000
000000000000000000000000
000000000000000000000000
000011111111000000000000
000111111111110000000000
001111000011111000000000
001110000000111000000000
000000000000111100000000
000000000000011100000000
000000000000011100000000
000000000000001100000000
000000000000001100000000
000000000000011100000000
000000000000111100000000
000000000001111000000000
000000000011110000000000
000000000111110000000000
000000000111110000000000
000000000001111000000000
000000000000111000000000
000000000000011100000000
000000000000011100000000
000000000000011100000000
011000000000001100000000
011110000000011100000000
011111000000011100000000
001111111111111100000000
000011111111111000000000
000000001111100000000000
000000000000000000000000
000000000000000000000000
start_draw_0:
000000000000000000000000
000000000000000000000000
000000000000000000000000
000000000001111111110000
000000000011111111110000
000000000011110001111000
000000000111000000111000
000000000111000000011000
000000000111000000011000
000000000000000000011000
000000000000000000111000
000000000000000000111000
000000000000000000111000
000000000000000001110000
000000000000000011110000
000000000000011111100000
000000000000111111000000
000000000000111111100000
000000000000000111110000
000000000000000001111000
000000000000000000111100
000000000000000000011100
000000000000000000011110
000000000000000000001110
000000000011100000000111
000000000011100000000111
000000000011110000000111
000000000001111000000111
000000000000111111111111
000000000000011111111110
000000000000000000000000
000000000000000000000000
000000000000000000000000
000000000000000000000000
000000000000000000000000
000000000000000000000000
start_draw_0:
000000000000000000000000
000000000000000000000000
000000000000000000000000
001111111111100000000000
111111111111111000000000
111110000001111000000000
110000000000111000000000
110000000000111000000000
111000000001111000000000
111110000111110000000000
011110000111100000000000
000000000111111000000000
000000000111111110000000
000000000000111110000000
000000000000001111000000
000000000000000111000000
000000000000000111000000
000000000000000111000000
000000000000000111000000
000000000000000111000000
000000000000000110000000
000000000000001110000000
000000000000001110000000
000000000001111110000000
000000000001111100000000
000000000001111000000000
000000000001110000000000
000000000000000000000000
000000000000000000000000
000000000000000000000000
000000000000000000000000
000000000000000000000000
000000000000000000000000
000000000000000000000000
000000000000000000000000
000000000000000000000000
start_draw_0:
000000000000000000000000
000000000000000000000000
000000000000000000000000
000000000000000000000000
000000000000000000000000
000000000000000000000000
000000011111100000000000
000001111111110000000000
000001111111111000000000
000000000000111000000000
000000000000111000000000
000000000000011000000000
000000000000011000000000
000000000000111000000000
000000000001111000000000
000000000011111000000000
000000001111100000000000
000000011111000000000000
000000011111100000000000
000000011111110000000000
000000000011111100000000
000000000000111110000000
000000000000011111000000
000000000000000111000000
000111000000000111100000
000111110000000011100000
000011111000000001100000
000001111111100111100000
000000011111111111100000
000000000011111111000000
000000000000000000000000
000000000000000000000000
000000000000000000000000
000000000000000000000000
000000000000000000000000
000000000000000000000000
start_draw_0:
000000000000000000000000
000000000000000000000000
000000000000000000000000
000000000001111111110000
000000000011111111110000
000000000011110001110000
000000000000000001110000
000000000000000001110000
000000000000000001110000
000000000000000011100000
000000000000000111100000
000000000000011111000000
000000000001111110000000
000000000001111110000000
000000000000011111100000
000000000000001111100000
000000000000000011100000
000000000000000001110000
000000000000000001110000
000000000000000000110000
000000000000000000110000
000000000000000000110000
000000000000000000110000
000000000000000001110000
000000000000011111110000
000000000000011111100000
000000000000000000000000
000000000000000000000000
000000000000000000000000
000000000000000000000000
000000000000000000000000
000000000000000000000000
000000000000000000000000
000000000000000000000000
000000000000000000000000
000000000000000000000000
start_draw_0:
000000000000000000000000
000111111111110000000000
011111111111111100000000
111111100000111110000000
111000000000011110000000
110000000000001111000000
000000000000000111000000
000000000000000111000000
000000000000000111000000
000000000000000111000000
000000000000000111000000
000000000000001111000000
000000000000001110000000
000000000000011110000000
000000000000111100000000
000000000011111000000000
000000000111111100000000
000000000111111111000000
000000000000011111110000
000000000000000011111000
000000000000000000111000
000000000000000000011100
000000000000000000011100
000000000000000000001100
000000000000000000001100
000000000000000000001100
000000000000000000011100
000000000000000000011100
000000000000000000111100
000000000000000000111000
000000000000000001111000
000000000000000011110000
000000001100001111100000
000000001111111111000000
000000001111111110000000
000000000011110000000000
start_draw_0:
000000000000000000000000
000000000000000000000000
000000001111111111100000
000000111111111111110000
000001111110000011110000
000011110000000000111000
000011100000000000111000
000011100000000000011000
000000000000000000011000
000000000000000000011000
000000000000000000011000
000000000000000000111000
000000000000000001111000
000000000000000001111000
000000000000000111110000
000000000000011111100000
000000000011111111000000
000000000111111110000000
000000000111111111100000
000000000000000111110000
000000000000000011111000
000000000000000000111100
000000000000000000011110
000000000000000000001111
000000000000000000000111
000000000000000000000011
000000000000000000000011
000000000000000000000011
000000000000000000000111
000000000000000000000111
000000000000000000001111
000000000000000000111110
011100000000000111111100
011111111111111111110000
001111111111111111000000
000000111111100000000000
start_draw_0:
000000000000000000000000
000001111111111000000000
000011111111111100000000
000011100000011110000000
000111000000001110000000
000111000000000110000000
000111000000000111000000
000110000000000111000000
000000000000000111000000
000000000000001110000000
000000000000111110000000
000000000001111100000000
000000000111111000000000
000000000111111000000000
000000000111111100000000
000000000000011110000000
000000000000001111000000
000000000000000111100000
000000000000000011100000
000000000000000011110000
000000000000000001110000
000000000000000001110000
000000000000000000110000
000000000000000000110000
000000000000000000111000
000000000000000000111000
001100000000000000111000
001110000000000000111000
001111100000000000111000
000111111000000001110000
000001111111000011110000
000000011111111111100000
000000000111111111100000
000000000000111100000000
000000000000000000000000
000000000000000000000000
start_draw_0:
000000000000000000000000
000000000000000000000000
000000000000000011110000
000000000000111111111000
000000000001111111111100
000000000001111000011100
000000000000000000001100
000000000000000000001110
000000000000000000001110
000000000000000000001110
000000000000000000001110
000000000000000000001110
000000000000000000011100
000000000000000000111100
000000000000000001111100
000000000000000011111000
000000000000011111100000
000000000011111111100000
000000000011111111110000
000000000011100001111000
000000000000000000111000
000000000000000000111100
000000000000000000011100
000000000000000000001100
001100000000000000001100
001110000000000000001110
001110000000000000001110
001111000000000000001110
000111100000000000011100
000011111000000001111100
000001111111111111111000
000000011111111111110000
000000000011111100000000
000000000000000000000000
000000000000000000000000
000000000000000000000000
start_draw_0:
000000000000000000000000
111111111111000000000000
111111111111100000000000
100000000011110000000000
000000000001110000000000
000000000001110000000000
000000000001110000000000
000000000011100000000000
000000000111100000000000
000000001111000000000000
000000011110000000000000
000000111100000000000000
000000111111000000000000
000000111111100000000000
000000000111110000000000
000000000001111000000000
000000000000111100000000
000000000000011100000000
000000000000011110000000
000000000000001111000000
000000000000000111000000
000000000000000011100000
000000000000000011100000
000000000000000001110000
000000000000000001110000
000000000000000001110000
000000000111000001110000
000000000111001111110000
000000000111111111100000
000000000011111110000000
000000000000000000000000
000000000000000000000000
000000000000000000000000
000000000000000000000000
000000000000000000000000
000000000000000000000000
start_draw_0:
000000000000000000000000
000000000000000000000000
000000000000000000000000
000000000000000000000000
000000000000000011111000
000000000000001111111000
000000000000001111111100
000000000000001100011100
000000000000000000011100
000000000000000000001100
000000000000000000001100
000000000000000000001100
000000000000000000001100
000000000000000000001100
000000000000000000011100
000000000000000001111100
000000000000000111111000
000000000000111111110000
000000000000111110000000
000000000000111100000000
000000000000011110000000
000000000000001111000000
000000000000000111000000
000000000000000111100000
000000000000000011100000
000000000000000001100000
000000000000000001110000
111100000000000001110000
111111000000000001110000
001111111100000000110000
000011111111111100110000
000000011111111111110000
000000000000111111110000
000000000000000000000000
000000000000000000000000
000000000000000000000000
start_draw_0:
000000000000000000000000
000000000000000000000000
000000000000000000000000
000000000000000000000000
000000000000000000000000
000000000001111111000000
000000001111111111000000
000000011111100111000000
000000011100000011100000
000000011000000011100000
000000000000000011100000
000000000000000001100000
000000001110000001100000
110000001111000001100000
110000001111100001100000
110000001111100011100000
110000001111100111100000
110000001111111111000000
110000001111111110000000
111000000111111000000000
111000000000110000000000
111000000000110000000000
011000000000110000000000
011100000000110000000000
011110000001110000000000
001111000011110000000000
000111111111100000000000
000011111111000000000000
000001111000000000000000
000000000000000000000000
000000000000000000000000
000000000000000000000000
000000000000000000000000
000000000000000000000000
000000000000000000000000
000000000000000000000000
start_draw_0:
000001110000000000000000
011111111111000000000000
111111111111100000000000
111000000011110000000000
111000000001111000000000
110000000000111100000000
110000000000011100000000
100000000000011100000000
000000000000011100000000
000000000000111100000000
000000000111111100000000
000000000111110000000000
000000000111111000000000
000000000001111100000000
000000000000111110000000
000000000000001111000000
000000000000000111000000
000000000000000111100000
000000000000000011100000
000000000000000001100000
000000000000000001100000
000000000000000001100000
000000000000000001100000
000000000000000011100000
000000000000000111100000
000000000000000111000000
000000000000001111000000
000000000001111110000000
000000001111111100000000
000000001111110000000000
000000000000000000000000
000000000000000000000000
000000000000000000000000
000000000000000000000000
000000000000000000000000
000000000000000000000000
start_draw_0:
000000000000000000000000
000000000000000000000000
000000000000000000000000
000001111110000000000000
000111111111000000000000
000111100111000000000000
000111000111000000000000
000110000011000000000000
000000000111000000000000
000000001111000000000000
000000001111100000000000
000000001111110000000000
000000000011111000000000
000000000000111000000000
000000000000011100000000
000000000000011100000000
000000000000011100000000
000000000000001100000000
000000000000001100000000
000000000000001100000000
000000000000011100000000
000000000000011100000000
000000000000011100000000
000000000000011000000000
000000000000000000000000
000000000000000000000000
000000000000000000000000
000000000000000000000000
000000000000000000000000
000000000000000000000000
000000000000000000000000
000000000000000000000000
000000000000000000000000
000000000000000000000000
000000000000000000000000
000000000000000000000000
start_draw_0:
000000000000000000000000
000000000000000000000000
000000000000000000000000
000000000000000000000000
000000000111000000000000
000000111111100000000000
000001111111100000000000
000011111001100000000000
000011110001110000000000
000111000001110000000000
000111000001110000000000
000110000000110000000000
000000000000110000000000
000000000000110000000000
000000000000110000000000
000000000000110000000000
000000000001110000000000
000000000011110000000000
000000000011110000000000
000000000011111000000000
000000000000111100000000
000000000000011100000000
000000000000011100000000
000000000000001110000000
000000000000001110000000
000000000000001110000000
000000000000001110000000
000000000000001110000000
000111000000001110000000
000111000000111100000000
000011111111111100000000
000011111111111000000000
000000111100000000000000
000000000000000000000000
000000000000000000000000
000000000000000000000000
start_draw_0:
000000000000000000000000
000000000000000000000000
000000000000000000000000
000000000000000000000000
000000000111111111111110
000111111111111111111111
000111111111110000001111
000000000000000000011111
000000000000000000111100
000000000000000001111000
000000000000000011110000
000000000000000111100000
000000000000011111000000
000000000000111110000000
000000000011111100000000
000000001111110000000000
000111111111000000000000
000111111111110000000000
000111110111111100000000
000000000001111100000000
000000000000011110000000
000000000000001110000000
000000000000000110000000
000000000000000110000000
000000011111111110000000
000000011111111110000000
000000000000000000000000
000000000000000000000000
000000000000000000000000
000000000000000000000000
000000000000000000000000
000000000000000000000000
000000000000000000000000
000000000000000000000000
000000000000000000000000
000000000000000000000000
start_draw_0:
000000000000000000000000
000000000000000000000000
000000000000000000000000
000000000000000000000000
000000000011111111000000
000011111111111111111000
000111111111100011111000
001111000000000000011000
011110000000000000011000
111100000000000000011000
111000000000000000111000
110000000000000001111000
110000000000000111110000
000000000000001111100000
000000000000011111000000
000000000001111110000000
000000000111111100000000
000000111111110000000000
000000111111111000000000
000000000111111111000000
000000000000111111100000
000000000000000011110000
000000000000000001111000
000000000000000000111100
000000000000000000111100
000000000000000000011100
000000000000000000011100
100000000000000000111000
111110000000000000111000
111111110000000111111000
001111111111111111110000
000001111111111111000000
000000000000000000000000
000000000000000000000000
000000000000000000000000
000000000000000000000000
start_draw_0:
000000000000000000000000
000000000000000000000000
000000000000000000000000
000000000000000000000000
000000000000000000000000
000000000000000000000000
000000000011111111100000
000000011111111111110000
000000011111000011110000
000000011100000001110000
000000000000000011110000
000000000000000111110000
000000000000111111000000
000000000000111110000000
000000000000111100000000
000000000000011111000000
000000000000001111100000
000000000000000111100000
110000000000000011110000
111100000000000001110000
111110000000000001110000
011111100000000001110000
000111111100011111110000
000001111111111111100000
000000001111111111000000
000000000000000000000000
000000000000000000000000
000000000000000000000000
000000000000000000000000
000000000000000000000000
000000000000000000000000
000000000000000000000000
000000000000000000000000
000000000000000000000000
000000000000000000000000
000000000000000000000000
start_draw_0:
000000000000000000000000
000000000000000000000000
000000000000000000000000
000000000000000000000000
000000000000000000000000
000000000000000000000000
000000000000000000000000
000000000000000000000000
000000000000000000000000
000000000000000000000000
000000000000000000000000
000000000000000000000000
000000000000000000000000
001111110000000000000000
001111111110000000000000
001111111111000000000000
000000001111000000000000
000000000111000000000000
000000000011000000000000
000000000011000000000000
000000000111000000000000
000000000111000000000000
000000011111000000000000
000001111110000000000000
000001111110000000000000
000000011111000000000000
000000000111100000000000
011110000011100000000000
011111111111100000000000
001111111111100000000000
000000111111000000000000
000000000000000000000000
000000000000000000000000
000000000000000000000000
000000000000000000000000
000000000000000000000000
start_draw_0:
000000000000000000111000
000000000000000000111110
000000000000000000111110
000000000000000000001110
000000000000000000000110
000000000000000000001110
000000000000000000001110
000000000000000000111110
000000000000001111111100
000000000000001111111000
000000000000001110000000
000000000000000111000000
000000000000000111100000
000000000000000011100000
000000000000000011100000
000001110000000001110000
000001111000000001110000
000001111110000001110000
000000111111111000110000
000000001111111111110000
000000000000111111110000
000000000000000000000000
000000000000000000000000
000000000000000000000000
000000000000000000000000
000000000000000000000000
000000000000000000000000
000000000000000000000000
000000000000000000000000
000000000000000000000000
000000000000000000000000
000000000000000000000000
000000000000000000000000
000000000000000000000000
000000000000000000000000
000000000000000000000000
start_draw_0:
000000000000000000000000
000000000000000000000000
000000111100000000000000
001111111110000000000000
011111111111000000000000
011110000111100000000000
011000000011100000000000
011000000011100000000000
000000000001100000000000
000000000011100000000000
000000000011100000000000
000000000111100000000000
000000111111000000000000
000000111111100000000000
000000111111100000000000
000000000001110000000000
000000000001110000000000
000000000000110000000000
000000000001110000000000
001111000011110000000000
001111111111100000000000
000111111111000000000000
000000000000000000000000
000000000000000000000000
000000000000000000000000
000000000000000000000000
000000000000000000000000
000000000000000000000000
000000000000000000000000
000000000000000000000000
000000000000000000000000
000000000000000000000000
000000000000000000000000
000000000000000000000000
000000000000000000000000
000000000000000000000000
start_draw_0:
000000000000000000000000
000000000000000000000000
000000000000000000000000
000000000000000000000000
000000000000000000000000
000000000000000000000000
000000000000000000000000
000000000000000000000000
000000000000000000000000
000000000000000000000000
000000000000000000000000
000000000000000000000000
000000000000000000000000
000000000000000000000000
000000000000000000000000
000000000000000000000000
000000000000000000000000
000000000000000000000000
000000000000000000000000
000000000000000111111100
000000000000011111111111
000000000000111110001111
000000000000111000000111
000000000000110000000000
000000000000110000000000
000000000000110000000011
000000000000000000001111
000000000000001111111111
000000000000001111111110
000000000000001110000000
000000110000001110000000
000000111000000110000000
000000111111111110000000
000000011111111110000000
000000000011111100000000
000000000000000000000000
start_draw_0:
000000000000000000000000
000000000000000000000000
001111111000000000000000
011111111100000000000000
011110111100000000000000
011000011100000000000000
000000001110000000000000
000000001110000000000000
000000001110000000000000
000000001110000000000000
000000001110000000000000
000000001110000000000000
000000001100000000000000
000000011100000000000000
000000011111000000000000
000000001111100000000000
000000000011110000000000
000000000001110000000000
000000000001111000000000
000000000000111000000000
000000000000011000000000
000000000000111000000000
000000011111111000000000
000000011111111000000000
000000000000000000000000
000000000000000000000000
000000000000000000000000
000000000000000000000000
000000000000000000000000
000000000000000000000000
000000000000000000000000
000000000000000000000000
000000000000000000000000
000000000000000000000000
000000000000000000000000
000000000000000000000000
start_draw_0:
000000000000000000000000
000000000000000000000000
000000000000000000000000
000000000000000000000000
000000000000000000000000
000000000000000000000000
000000000000000000000000
000011111111111111100000
000011111111111111100000
000000000000000011100000
000000000000000111100000
000000000000000111000000
000000000000001111000000
000000000000011110000000
000000000001111100000000
000000000011111000000000
000000000111111110000000
000000000111111111000000
000000000111111111000000
000000000110000111000000
000000000000001111000000
000000000011111111000000
000000000011111110000000
000000000001110000000000
000000000001110000000000
000000000000110000000000
000000000000110000000000
000000000000110000000000
000000011111110000000000
000000011111110000000000
000000001111000000000000
000000000000000000000000
000000000000000000000000
000000000000000000000000
000000000000000000000000
000000000000000000000000
start_draw_0:
000000000000000000000000
000000000000000000000000
000000000000000000000000
000000000000000000000000
000000000000000000000000
000000000000000000000000
000000000000000000000000
000000000000000000000000
000000000000000000000000
000000000000000000000000
000000000000000000000000
000000000000000000000000
000000000000000000000000
000000000000000000000000
000000000011111111111111
000000000011111111111111
000000000000000000000111
000000000000000000001111
000000000000000000011110
000000000000000001111100
000000000000000011111000
000000000000000111110000
000000000000011111000000
000000000000111111110000
000000000001111111111000
000000000001111001111100
000000000000000000011100
000000000000000000111100
000000001110001111111100
000000001111111111110000
000000001111111111000000
000000000000000000000000
000000000000000000000000
000000000000000000000000
000000000000000000000000
000000000000000000000000
start_draw_0:
000000000000000000000000
000000000000000000000000
000000000000000000000000
001111110000000000000000
001111111111111111000000
000001111111111111000000
000000000000011111000000
000000000000111100000000
000000000001111000000000
000000000011110000000000
000000001111100000000000
000000011111000000000000
000000011111100000000000
000000001111110000000000
000000000011111000000000
000000000000111100000000
000000000000011100000000
000000000000011100000000
000000000000011100000000
000001110001111100000000
000001111111111100000000
000000111111110000000000
000000000000000000000000
000000000000000000000000
000000000000000000000000
000000000000000000000000
000000000000000000000000
000000000000000000000000
000000000000000000000000
000000000000000000000000
000000000000000000000000
000000000000000000000000
000000000000000000000000
000000000000000000000000
000000000000000000000000
000000000000000000000000
start_draw_0:
000000000000000000000000
000000000000000000000000
000000000000000000000000
000000000000000000000000
000000000000000000000000
000000000000000000000000
000000000000000000000000
000011111111111000000000
001111111111111100000000
001111100000111110000000
000000000000001110000000
000000000000000110000000
000000000000001110000000
000000000000111110000000
000000000001111100000000
000000000001111110000000
000000000000011111000000
000000000000001111100000
000000000000000011110000
000000000000000001110000
000000000000000001110000
000000000000000000110000
000000000000000011110000
000000111000001111110000
000000111111111111100000
000000011111111110000000
000000000000000000000000
000000000000000000000000
000000000000000000000000
000000000000000000000000
000000000000000000000000
000000000000000000000000
000000000000000000000000
000000000000000000000000
000000000000000000000000
000000000000000000000000
start_draw_0:
000000000000000000000000
000000000000000000000000
000000000000000000000000
000000000000000000000000
000000000000000000000000
000000000000000000000000
000000000000000000000000
000000000000000000000000
000000000000000000000000
000000000000000000000000
000000000000000000000000
000000000000000000000000
000000000000000000000000
000000000000000000000000
000000000000000000000000
000000000000000000000000
000000000000000000000000
000000000000000000000000
001111111000000000000000
001111111111000000000000
000000111111110000000000
000000000111110000000000
000000011111110000000000
000011111111110000000000
000011111100000000000000
000011111110000000000000
000000011111000000000000
000000000111100000000000
000011111111100000000000
000011111111100000000000
000000111110000000000000
000000000000000000000000
000000000000000000000000
000000000000000000000000
000000000000000000000000
000000000000000000000000
start_draw_0:
000000000000000000000000
000000000000000000000000
000000000000000000000000
000000000000000000000000
000000000000000000000000
000000000000000000000000
000000000000000000000000
000000000000000000000000
000000111111111111000000
000000111111111111100000
000000000000000111100000
000000000000000011100000
000000000000000111100000
000000000000001111000000
000000000000111110000000
000000000001111100000000
000000000001111110000000
000000000000011110000000
000000000000001111000000
000000000000000111000000
000000000000000011000000
000000000000000011000000
000000000110000011000000
000000000111000111000000
000000000111111111000000
000000000111111111000000
000000000001111110000000
000000000000000000000000
000000000000000000000000
000000000000000000000000
000000000000000000000000
000000000000000000000000
000000000000000000000000
000000000000000000000000
000000000000000000000000
000000000000000000000000
start_draw_0:
000000000000000000000000
000000000000000000000000
000000000000000000000000
000000000000000000000000
000000000000000000000000
000000000000000000000000
000000000000111100000000
000000000000111110000000
000000000000111110000000
000000000000001110000000
000000000000001110000000
000000000000011110000000
000000000000011100000000
000000000000111100000000
000000000001111000000000
000000000011110000000000
000000000011110000000000
000000000001111000000000
000000000000111100000000
000000000000011100000000
000000000000001110000000
000000000000001110000000
000000111000000110000000
000000111110000110000000
000000111111111110000000
000000001111111110000000
000000000001110000000000
000000000000000000000000
000000000000000000000000
000000000000000000000000
000000000000000000000000
000000000000000000000000
000000000000000000000000
000000000000000000000000
000000000000000000000000
000000000000000000000000
start_draw_0:
000000000000000000000000
000000000000000000000000
000000000000000000000000
000000000000000000000000
000000000000000000000000
000000000000000000000000
000111111110000000000000
000111111111100000000000
000110001111110000000000
000000000001110000000000
000000000001111000000000
000000000000111000000000
000000000001111000000000
000000000011111000000000
000000000111110000000000
000000000111100000000000
000000000011110000000000
000000000001111000000000
000000000000111100000000
000000000000011100000000
000000000000011100000000
000000000000001100000000
000000000000001100000000
000001111111111100000000
000001111111111100000000
000000000011000000000000
000000000000000000000000
000000000000000000000000
000000000000000000000000
000000000000000000000000
000000000000000000000000
000000000000000000000000
000000000000000000000000
000000000000000000000000
000000000000000000000000
000000000000000000000000
start_draw_0:
000000000000000000000000
000000000000000000000000
000000000000000000000000
000000000000000000000000
000000000000000000000000
000000000000000000000000
000000000000000000000000
000000000000000000000000
000000000011111111000000
000000000011111111110000
000000000000000011110000
000000000000000001110000
000000000000000001110000
000000000000000001110000
000000000000000001110000
000000000000000011100000
000000000000001111100000
000000000000001111000000
000000000000001111000000
000000000000000111000000
000000000000000011100000
000000000000000011100000
000000000000000001110000
000000000000000001110000
000000011110000001110000
000000011111100001110000
000000001111111111110000
000000000011111111100000
000000000000001110000000
000000000000000000000000
000000000000000000000000
000000000000000000000000
000000000000000000000000
000000000000000000000000
000000000000000000000000
000000000000000000000000
start_draw_0:
000000000000000000000000
000000000000000000000000
000000000000000000000000
000000000000000000000000
000001111111111100000000
011111111111111100000000
011111111111111100000000
000000000000011100000000
000000000001111100000000
000000000011111000000000
000000000111110000000000
000000000111100000000000
000000000111110000000000
000000000001111000000000
000000000000111100000000
000000000000011110000000
000000000000001110000000
000000000000000110000000
000001100000001110000000
000001111111111110000000
000001111111111110000000
000000111100000000000000
000000000000000000000000
000000000000000000000000
000000000000000000000000
000000000000000000000000
000000000000000000000000
000000000000000000000000
000000000000000000000000
000000000000000000000000
000000000000000000000000
000000000000000000000000
000000000000000000000000
000000000000000000000000
000000000000000000000000
000000000000000000000000
start_draw_0:
000000000000000000000000
000000000000000000000000
000000000000000000000000
000000000000000000000000
000000000000000000000000
000000000000000000000000
000000000011111111000000
000000000011111111100000
000000000000000011110000
000000000000000001110000
000000000000000001110000
000000000000000000110000
000000000000000000111000
000000000000000000111000
000000000000000000111000
000000000000000000111000
000000000000011111110000
000000000000011111110000
000000000000011111100000
000000000000011100000000
000000000000011110000000
000000000000001110000000
000000000000001111000000
000000000000000111000000
011100000000000111100000
011110000000000011100000
011111000000000011100000
000111110000000001100000
000011111100000001110000
000000111111000001110000
000000011111111111110000
000000000111111111100000
000000000000011100000000
000000000000000000000000
000000000000000000000000
000000000000000000000000
start_draw_0:
000000000000000000000000
000000000000000000000000
000000000000000000000000
000000000000000000000000
000000000000000000000000
000000000000000000000000
011111111111000000000000
111111111111100000000000
111100000011110000000000
110000000001110000000000
000000000001110000000000
000000000011110000000000
000000011111110000000000
000000011111100000000000
000000001111000000000000
000000000111100000000000
000000000011110000000000
000000000001111000000000
000000000000111000000000
000000000000111000000000
000000110000011000000000
000000111000111000000000
000000111111111000000000
000000011111110000000000
000000000000000000000000
000000000000000000000000
000000000000000000000000
000000000000000000000000
000000000000000000000000
000000000000000000000000
000000000000000000000000
000000000000000000000000
000000000000000000000000
000000000000000000000000
000000000000000000000000
000000000000000000000000
start_draw_0:
000000000000000000000000
000000000000000000000000
000000000000000000000000
000000000000000000000000
000000000000000000000000
000000000000000000000000
000000000000000000000000
000000000000000000000000
000000000000000000000000
000000000000000000000000
000000000000000000000000
000000000000000000000000
000000000000000000000000
000000000000000000000000
000000000000000000000000
000000111111110000000000
000000111111111110000000
000000000001111110000000
000000000000001111000000
000000000000000111000000
000000000000001111000000
000000000011111110000000
000000000011111100000000
000000000011110000000000
000000000001111000000000
000000000000111100000000
000000000000011100000000
000000000000011100000000
000111000000001100000000
000111110000011100000000
000111111111111100000000
000000111111111000000000
000000000000000000000000
000000000000000000000000
000000000000000000000000
000000000000000000000000
start_draw_0:
000000000000000000000000
000000000000000000000000
000000000000000000000000
000000000000000000000000
000000000000000000000000
000000000000000000000000
000000001111111000000000
000001111111111100000000
000011111110111110000000
000011110000001110000000
000011100000000110000000
000011000000000110000000
000011000000000110000000
000011000000000110000000
000000000000000110000000
000000000000001110000000
000000000000011110000000
000000000001111100000000
000000000001111100000000
111000000000111110000000
111000000000001110000000
111000000000001111000000
110000000000000111000000
111000000000000111000000
111000000000000011100000
111100000000000011100000
011110000000000011100000
011111000000000001100000
001111100000000001100000
000111111000000001100000
000001111110000001100000
000000111111111111100000
000000001111111111100000
000000000001111111000000
000000000000000000000000
000000000000000000000000
start_draw_0:
000000000000000000000000
000000000000000000000000
000000000000000000000000
000000000000000000000000
000000000000000000000000
000000000000000000000000
000000000000000000000000
000000000000000000000000
000000000000000000000000
000000000000001111110000
000000000000001111110000
000000000000000000110000
000000000000000000110000
000000000000000001110000
000000000000000011110000
000000000000000111100000
000000000111111111100000
000000110111111110000000
000000110111111000000000
000000110001111000000000
000000110000111100000000
000000110000011100000000
000000111000001110000000
000000111000001110000000
000000111100001110000000
000000011110000110000000
000000001111100110000000
000000000111111110000000
000000000001111110000000
000000000000000000000000
000000000000000000000000
000000000000000000000000
000000000000000000000000
000000000000000000000000
000000000000000000000000
000000000000000000000000
start_draw_0:
000000000000000000000000
000000000000000000000000
000000000000000000000000
000000000000000000000000
000000000000000000000000
000011100000000000000000
011111111000000000000000
111111111000000000000000
111000111000000000000000
110000011100000000000000
000000011100000000000000
000000011100000000000000
000000111100000000000000
000000111111110000000000
000000111111111100000000
000000000000111110000000
000000000000001111000000
000000000000000111000000
000000000000000011000000
000000000000000011000000
000000000000000011000000
000000000000000011000000
000000000000001111000000
000000000000111111000000
000000000000111110000000
000000000000000000000000
000000000000000000000000
000000000000000000000000
000000000000000000000000
000000000000000000000000
000000000000000000000000
000000000000000000000000
000000000000000000000000
000000000000000000000000
000000000000000000000000
000000000000000000000000
start_draw_0:
000000000000000000000000
000000000000000000000000
000000000000000000000000
000000000000000000000000
000000000000000000000000
000000000000000000000000
000000000000000000000000
000000000000000000000000
000000000000000000000000
000000000000000000000000
000000000000000000000000
000000000000000000000000
000000000000000000000000
000000000000000000000000
000000001111111000000000
000000011111111100000000
000000011110111110000000
000000011000001110000000
000000000000000110000000
000000000000000110000000
000000000000001110000000
000000000000111110000000
000000000000111100000000
000000000000111000000000
000000000000111100000000
000000000000011100000000
000001110000001110000000
000001111000001110000000
000001111111001110000000
000000011111111110000000
000000000111111100000000
000000000000000000000000
000000000000000000000000
000000000000000000000000
000000000000000000000000
000000000000000000000000
start_draw_0:
000000000000000000000000
000000000000000000000000
000000000000000000000000
000000000000000000000000
000000000000000000000000
000000000000000000000000
000000000000000000000000
000000000000000000000000
000000000011110000000000
000000000011111100000000
000000000001111110000000
000000000000001110000000
000000000000001110000000
000000000000000111000000
000000000000000111000000
000000000000000111000000
000000000000000011000000
000000000000001111000000
001100000011111111000000
001110000011111110000000
001110000001110000000000
000111000001111000000000
000111110000111000000000
000011111000111000000000
000001111111111000000000
000000011111111000000000
000000001111110000000000
000000000000000000000000
000000000000000000000000
000000000000000000000000
000000000000000000000000
000000000000000000000000
000000000000000000000000
000000000000000000000000
000000000000000000000000
000000000000000000000000
start_draw_0:
000000000000000000000000
000000000000000000000000
000000000000000000000000
000000000000000000000000
000000000000000000000000
000000000000000000000000
000000000000000000000000
000000001111111100000000
000000111111111111000000
000001111110011111000000
000001110000000111000000
000001100000000011000000
000000000000000111000000
000000000000000111000000
000000000000001111000000
000000000000011110000000
000000000001111100000000
000000000011111000000000
000000000011110000000000
000000000011110000000000
000000000000111000000000
000000000000111000000000
000000000000011100000000
000000000000011100000000
000011000000011100000000
000011110000001100000000
000011111100011100000000
000000111111111100000000
000000001111111100000000
000000000000000000000000
000000000000000000000000
000000000000000000000000
000000000000000000000000
000000000000000000000000
000000000000000000000000
000000000000000000000000
start_draw_0:
000000000000000000000000
000000000000000000000000
000000000000000000000000
000000000000000000000000
000000000000000000000000
000000000000000000000000
000000000000000000000000
000011111111100000000000
000011111111110000000000
000011100001110000000000
000000000001110000000000
000000000000110000000000
000000000000111000000000
000000000000111000000000
000000000001111000000000
000000000111111000000000
000000000111111110000000
000000000000011111000000
000000000000000111100000
000000000000000011110000
000000000000000001111000
000000000000000000111000
000000000111111111111000
000000000111111111111000
000000000000000000000000
000000000000000000000000
000000000000000000000000
000000000000000000000000
000000000000000000000000
000000000000000000000000
000000000000000000000000
000000000000000000000000
000000000000000000000000
000000000000000000000000
000000000000000000000000
000000000000000000000000
start_draw_0:
000000000000000000000000
000000000000000000000000
000000000000000000000000
000000000000000000000000
000000000000000000000000
000000000000000000000000
000000000000000000000000
000000000011111100000000
000000000111111110000000
000000000111111111000000
000000000000000111000000
000000000000000011000000
000000000000000011000000
000000000000000111000000
000000000000001111000000
000000000000011110000000
000000000011111110000000
111000000011111000000000
111000000001111000000000
111100000000111000000000
011110000000011100000000
001111000000011100000000
000111100000001100000000
000111111000001100000000
000001111110011100000000
000000111111111100000000
000000001111111100000000
000000000001111000000000
000000000000000000000000
000000000000000000000000
000000000000000000000000
000000000000000000000000
000000000000000000000000
000000000000000000000000
000000000000000000000000
000000000000000000000000