start_draw_0:
000000000000000000000000
000000000000000000000000
000000111111111111000000
000000111111111111110000
000000000000001111110000
000000000000000001110000
000000000000000011110000
000000000000000011100000
000000000000000111000000
000000000000001111000000
000000000000001110000000
000000000000011110000000
000000000000011100000000
000000000000111100000000
000000000001111000000000
000000000001110000000000
000000000011110000000000
000000000011100000000000
000000000111100000000000
000000001111000000000000
000000001110000000000000
000000001110000000000000
000000001100000000000000
000000000000000000000000
000000000000000000000000
000000000000000000000000
000000000000000000000000
000000000000000000000000
000000000000000000000000
000000000000000000000000
000000000000000000000000
000000000000000000000000
000000000000000000000000
000000000000000000000000
000000000000000000000000
000000000000000000000000
start_draw_0:
000000000000000000000000
000000000000000000000000
000000000000000000000000
000000000000000000000000
000000000000000000000000
000000000000000000000000
000000000000000000000000
000000000000000000000000
000000000000000000000000
000000011111111111111110
000000011111111111111110
000000000000000000001110
000000000000000000001110
000000000000000000001100
000000000000000000001100
000000000000000000001100
000000000000000000001100
000000000000000000001100
000000000000000000001100
000000000000000000001100
000000000000000000001100
000000000000000000001100
000000000000000000001100
000000000000000000001100
000000000000000000001100
000000000000000000001100
000000000000000000000000
000000000000000000000000
000000000000000000000000
000000000000000000000000
000000000000000000000000
000000000000000000000000
000000000000000000000000
000000000000000000000000
000000000000000000000000
000000000000000000000000
start_draw_0:
000000000000000000000000
000000000000000000000000
000000000000000000000000
000000000000000000000000
001110000000000000000000
001111111000000000000000
001111111111000000000000
000000111111000000000000
000000001111000000000000
000000011110000000000000
000000011100000000000000
000000111100000000000000
000001111000000000000000
000001110000000000000000
000011110000000000000000
000011100000000000000000
000111100000000000000000
000111000000000000000000
001110000000000000000000
001110000000000000000000
011100000000000000000000
011100000000000000000000
111000000000000000000000
111000000000000000000000
111000000000000000000000
111000000000000000000000
011000000000000000000000
000000000000000000000000
000000000000000000000000
000000000000000000000000
000000000000000000000000
000000000000000000000000
000000000000000000000000
000000000000000000000000
000000000000000000000000
000000000000000000000000
start_draw_0:
000000000000000000000000
000000000000000000000000
000000000000000000000000
000000000000000000000000
000000000000000000000000
000000000000000000000000
000000000111111111111100
000000001111111111111100
000000011110000000011100
000000011100000000111100
000000111100000001111000
000000111000000011110000
000000000000000011100000
000000000000000111100000
000000000000000111000000
000000000000001110000000
000000000000001110000000
000000000000011100000000
000000000000011100000000
000000000000111000000000
000000000000111000000000
000000000000110000000000
000000000000110000000000
000000000001110000000000
000000000001110000000000
000000000001110000000000
000000000001100000000000
000000000001100000000000
000000000000000000000000
000000000000000000000000
000000000000000000000000
000000000000000000000000
000000000000000000000000
000000000000000000000000
000000000000000000000000
000000000000000000000000
start_draw_0:
000000000000000000000000
000000000000000000000000
000000000000000000000000
000000000000000000000000
000000000000000000000000
000111111111110000000000
000111111111110000000000
000000000000110000000000
000000000000110000000000
000000000000110000000000
000000000000110000000000
000000000001110000000000
000000000001110000000000
000000000001110000000000
000000000001110000000000
000000000001100000000000
000000000001100000000000
000000000001100000000000
000000000011100000000000
000000000011100000000000
000000000011100000000000
000000000011100000000000
000000000011100000000000
000000000011100000000000
000000000011100000000000
000000000001100000000000
000000000000000000000000
000000000000000000000000
000000000000000000000000
000000000000000000000000
000000000000000000000000
000000000000000000000000
000000000000000000000000
000000000000000000000000
000000000000000000000000
000000000000000000000000
start_draw_0:
000000000000000000000000
000000000000000000000000
000000000000000000000000
000000000000000000000000
000000000000000000000000
000000000000000000000000
000111110000000000000000
000111111111100000000000
000111111111111111110000
000000000011111111111111
000000000000000001111111
000000000000000000000111
000000000000000000001111
000000000000000000001110
000000000000000000001100
000000000000000000001100
000000000000000000001100
000000000000000000001100
000000000000000000001100
000000000000000000001100
000000000000000000001100
000000000000000000001100
000000000000000000001100
000000000000000000001100
000000000000000000001100
000000000000000000001100
000000000000000000001100
000000000000000000000000
000000000000000000000000
000000000000000000000000
000000000000000000000000
000000000000000000000000
000000000000000000000000
000000000000000000000000
000000000000000000000000
000000000000000000000000
start_draw_0:
000000000000000000000000
000000000000000000000000
000000000000000000000000
000000000000000000000000
000000000000000000000000
000000000000000000000000
000000000000000000000000
000000000000000000000000
000000000000000000000000
000000000000000000000000
000000000000000000000000
000000000000000000000000
000000000000000000000000
000000000011000000000000
000000000011100000000000
000000000011100000000000
000000000011111000000000
000000000001111100000000
000000000000111111000000
000000000000001111111000
000000000000000011111100
000000000000000000111100
000000000000000000011100
000000000000000000111100
000000000000000011111000
000000000000000111110000
000000000000001111100000
000000000000011111000000
000000000000111100000000
000000000000111000000000
000000000000110000000000
000000000000000000000000
000000000000000000000000
000000000000000000000000
000000000000000000000000
000000000000000000000000
start_draw_0:
000000000000000000000000
000000000000000000000000
000000000000000000000000
000000000000000000000000
000000000000000000000000
000000000000000000000000
000000000000000000000000
000000000000000000000000
000000000000000000000000
000000000000000000000000
000000000000000000000000
000000000000000000000000
000000000000000000000000
000000000000000000000000
000000000000000000000000
000000000000000000000000
000000000000000000000000
000000000000000000000000
000000000000000000000000
001111000000000000000000
001111111000000000000000
000111111111000000000000
000000111111000000000000
000000000111000000000000
000000001111000000000000
000000001110000000000000
000000001110000000000000
000000011100000000000000
000000011100000000000000
000000011000000000000000
000000011000000000000000
000000011000000000000000
000000011000000000000000
000000000000000000000000
000000000000000000000000
000000000000000000000000
start_draw_0:
000000000000000000000000
000000000000000000000000
000000000000000000000000
000000000000000000000000
000000000000000000000000
000000000000000000000000
000000000000000000000000
000000000000000000000000
000000000000000000000000
000000000000000000000000
000000000000000000000000
000000000000000000000000
000000000000000000000000
000000000000000000000000
000000000000000000000000
000000000000000000000000
000000000000000000000000
000000000000000000000000
000000000000000000000000
000000000000000000000000
000000000000000000000000
000000000001110000000000
000000000001111111111000
000000000000111111111000
000000000000000001111000
000000000000000000011000
000000000000000000011000
000000000000000000111000
000000000000000001111000
000000000000000001110000
000000000000000011110000
000000000000000111100000
000000000000000111000000
000000000000000111000000
000000000000000110000000
000000000000000000000000
start_draw_0:
000000000000000000000000
000000000000000000000000
000000000000000000000000
000011111110000000000000
000011111110000000000000
000000000110000000000000
000000000110000000000000
000000001110000000000000
000000001110000000000000
000000011110000000000000
000000011100000000000000
000000111100000000000000
000000111000000000000000
000001110000000000000000
000001110000000000000000
000001100000000000000000
000011100000000000000000
000011100000000000000000
000011100000000000000000
000000000000000000000000
000000000000000000000000
000000000000000000000000
000000000000000000000000
000000000000000000000000
000000000000000000000000
000000000000000000000000
000000000000000000000000
000000000000000000000000
000000000000000000000000
000000000000000000000000
000000000000000000000000
000000000000000000000000
000000000000000000000000
000000000000000000000000
000000000000000000000000
000000000000000000000000
start_draw_0:
000000000000000000000000
000000000000000000000000
000000000001111000000000
000000000001111111100000
000000000001111111111100
000000000000000011111100
000000000000000000011100
000000000000000000111000
000000000000000000111000
000000000000000001111000
000000000000000001110000
000000000000000001110000
000000000000000011100000
000000000000000011100000
000000000000000111000000
000000000000000111000000
000000000000000111000000
000000000000000110000000
000000000000001110000000
000000000000001110000000
000000000000001100000000
000000000000001100000000
000000000000001100000000
000000000000000000000000
000000000000000000000000
000000000000000000000000
000000000000000000000000
000000000000000000000000
000000000000000000000000
000000000000000000000000
000000000000000000000000
000000000000000000000000
000000000000000000000000
000000000000000000000000
000000000000000000000000
000000000000000000000000
start_draw_0:
000000000000000000000000
000000000000000000000000
000000000000000000000000
000000000000000000000000
000000000000000000000000
000000000001111111100000
000011111111111111100000
000011111111111111100000
000000000000000011100000
000000000000000111000000
000000000000000111000000
000000000000001110000000
000000000000001110000000
000000000000001110000000
000000000000011100000000
000000000000011100000000
000000000000011100000000
000000000000011000000000
000000000000111000000000
000000000000111000000000
000000000001110000000000
000000000001110000000000
000000000011110000000000
000000000011100000000000
000000000111100000000000
000000000111000000000000
000000000111000000000000
000000001110000000000000
000000001110000000000000
000000001110000000000000
000000001100000000000000
000000001100000000000000
000000000000000000000000
000000000000000000000000
000000000000000000000000
000000000000000000000000
start_draw_0:
000000000000000000000000
000000000000000000000000
000000000000000000000000
000000000000000000000000
000000000000000000000000
000000000000000000000000
000000000000000000000000
000000000000000000000000
000001111111111000000000
000001111111111111110000
000000000111111111110000
000000000000000000110000
000000000000000000110000
000000000000000000110000
000000000000000000110000
000000000000000000110000
000000000000000000110000
000000000000000000110000
000000000000000000110000
000000000000000000110000
000000000000000000110000
000000000000000000111000
000000000000000000111000
000000000000000000111000
000000000000000000111000
000000000000000000011000
000000000000000000011000
000000000000000000011000
000000000000000000011000
000000000000000000011100
000000000000000000011100
000000000000000000001100
000000000000000000001100
000000000000000000000000
000000000000000000000000
000000000000000000000000
start_draw_0:
000000000000000000000000
000000000000000000110000
000000000000000000111100
000000000000000000111110
000000000000000000011111
000000000000000000000111
000000000000000000000011
000000000000000000000111
000000000000000000000111
000000000000000000001111
000000000000000000011110
000000000000000000011100
000000000000000000111000
000000000000000001111000
000000000000000001110000
000000000000000011100000
000000000000000111100000
000000000000000111000000
000000000000001111000000
000000000000001110000000
000000000000011110000000
000000000000011100000000
000000000000011100000000
000000000000011000000000
000000000000111000000000
000000000000111000000000
000000000000111000000000
000000000000111000000000
000000000000000000000000
000000000000000000000000
000000000000000000000000
000000000000000000000000
000000000000000000000000
000000000000000000000000
000000000000000000000000
000000000000000000000000
start_draw_0:
000000000000000000000000
000000000000000000000000
000000000000000000000000
000000000000000000000000
000000000000000000000000
000000000000000000000000
000000000000000000000000
000001111111111110000000
000001111111111110000000
000000000000001110000000
000000000000001110000000
000000000000011100000000
000000000000011100000000
000000000000011100000000
000000000000111000000000
000000000000111000000000
000000000001110000000000
000000000001110000000000
000000000011110000000000
000000000011100000000000
000000000011100000000000
000000000111000000000000
000000000111000000000000
000000001110000000000000
000000001110000000000000
000000001110000000000000
000000001100000000000000
000000001100000000000000
000000000000000000000000
000000000000000000000000
000000000000000000000000
000000000000000000000000
000000000000000000000000
000000000000000000000000
000000000000000000000000
000000000000000000000000
start_draw_0:
000000000000000000000000
000000000000000000000000
000000000000000000000000
000000000000000000000000
011111111000000000000000
011111111111111110000000
000001111111111110000000
000000000000001110000000
000000000000001100000000
000000000000001100000000
000000000000011100000000
000000000000011100000000
000000000000011100000000
000000000000011000000000
000000000000011000000000
000000000000011000000000
000000000000011000000000
000000000000011000000000
000000000000011000000000
000000000000011100000000
000000000000011100000000
000000000000011100000000
000000000000001100000000
000000000000000000000000
000000000000000000000000
000000000000000000000000
000000000000000000000000
000000000000000000000000
000000000000000000000000
000000000000000000000000
000000000000000000000000
000000000000000000000000
000000000000000000000000
000000000000000000000000
000000000000000000000000
000000000000000000000000
start_draw_0:
000000000000000000000000
000000000000000000000000
000000000000000000000000
000000000111100000000000
000000000111111100000000
000000000001111110000000
000000000000001110000000
000000000000000110000000
000000000000000110000000
000000000000000110000000
000000000000000110000000
000000000000000110000000
000000000000000110000000
000000000000001110000000
000000000000001110000000
000000000000001110000000
000000000000001100000000
000000000000011100000000
000000000000011100000000
000000000000011100000000
000000000000011000000000
000000000000111000000000
000000000000111000000000
000000000000111000000000
000000000001110000000000
000000000001110000000000
000000000001110000000000
000000000001100000000000
000000000001100000000000
000000000001100000000000
000000000000000000000000
000000000000000000000000
000000000000000000000000
000000000000000000000000
000000000000000000000000
000000000000000000000000
start_draw_0:
000000000000000000000000
000000000000000000000000
000000000000000000000000
000000000000000000000000
000000000000000000000000
000000000000000000000000
001111111111100000000000
001111111111111111111000
000000000111111111111000
000000000000000001111000
000000000000000000011000
000000000000000000011000
000000000000000000011000
000000000000000000111000
000000000000000000111000
000000000000000000111000
000000000000000000110000
000000000000000000110000
000000000000000001110000
000000000000000001110000
000000000000000001100000
000000000000000011100000
000000000000000011100000
000000000000000011100000
000000000000000111000000
000000000000000111000000
000000000000000111000000
000000000000000110000000
000000000000001110000000
000000000000001110000000
000000000000001110000000
000000000000001100000000
000000000000001100000000
000000000000001100000000
000000000000000000000000
000000000000000000000000
start_draw_0:
000000000000000000000000
000000000000000000000000
000000000000000000000000
000000000000000000000000
000000000000000000000000
000000000000000000000000
011110000000000000000000
011111111111000000000000
011111111111111111000000
000000001111111111000000
000000000000000111000000
000000000000000111000000
000000000000000111000000
000000000000000111000000
000000000000000111000000
000000000000000110000000
000000000000000110000000
000000000000000110000000
000000000000000110000000
000000000000000110000000
000000000000000110000000
000000000000000110000000
000000000000000110000000
000000000000000110000000
000000000000000110000000
000000000000000110000000
000000000000000110000000
000000000000000110000000
000000000000000110000000
000000000000000110000000
000000000000000111000000
000000000000000111000000
000000000000000111000000
000000000000000000000000
000000000000000000000000
000000000000000000000000
start_draw_0:
000000000000000000000000
000000000000000000000000
000000000000000000000000
000000000000000000000000
000000000000000000000000
000000000000000000000000
000000000000000000000000
000000000000000000000000
000000000000000000000000
000011111111111111111000
000011111111111111111000
000000000000000000011000
000000000000000000011000
000000000000000000011000
000000000000000000011000
000000000000000000011000
000000000000000000011000
000000000000000000011000
000000000000000000011000
000000000000000000011000
000000000000000000011000
000000000000000000011000
000000000000000000011000
000000000000000000011000
000000000000000000011000
000000000000000000011000
000000000000000000011000
000000000000000000011000
000000000000000000011000
000000000000000000011000
000000000000000000011000
000000000000000000011000
000000000000000000011000
000000000000000000000000
000000000000000000000000
000000000000000000000000
start_draw_0:
000000000000000000000000
000000000000000000000000
000000000000000000000000
000000000000000000000000
000000000000000000000000
000000000000000000000000
000000111111111111110000
000000111111111111110000
000000000000000000110000
000000000000000000110000
000000000000000000110000
000000000000000000110000
000000000000000000110000
000000000000000000110000
000000000000000000110000
000000000000000000110000
000000000000000000110000
000000000000000000110000
000000000000000000110000
000000000000000000110000
000000000000000000110000
000000000000000000110000
000000000000000000110000
000000000000000000110000
000000000000000000110000
000000000000000000110000
000000000000000000110000
000000000000000000110000
000000000000000000110000
000000000000000000111000
000000000000000000111000
000000000000000000111000
000000000000000000011000
000000000000000000000000
000000000000000000000000
000000000000000000000000
start_draw_0:
000000000000000000000000
000000000000000000000000
000000000000000000000000
000000000000000000000000
000000000000000000000000
000011111111111110000000
000011111111111111000000
000000000000000111000000
000000000000000111000000
000000000000000111000000
000000000000000111000000
000000000000000110000000
000000000000000110000000
000000000000001110000000
000000000000001110000000
000000000000011100000000
000000000000011100000000
000000000000111000000000
000000000000111000000000
000000000001111000000000
000000000011110000000000
000000000011100000000000
000000000111000000000000
000000000111000000000000
000000000110000000000000
000000000110000000000000
000000000110000000000000
000000000110000000000000
000000000110000000000000
000000000000000000000000
000000000000000000000000
000000000000000000000000
000000000000000000000000
000000000000000000000000
000000000000000000000000
000000000000000000000000
start_draw_0:
000000000000000000000000
000000000000000000000000
000000000000000000000000
000000000000000000000000
000000000000000000000000
000000000000000000000000
000000000000000000000000
000000000000000000000000
000000000000000000000000
000000000000000000000000
000000000000000000000000
000000000000000000000000
000000000000000000000000
000000000000000000000000
000000000000000000000000
000110000000000000000000
000111100000000000000000
000111111111000000000000
000011111111110000000000
000000000111110000000000
000000000001110000000000
000000000001110000000000
000000000001100000000000
000000000011100000000000
000000000011100000000000
000000000111000000000000
000000000111000000000000
000000000111000000000000
000000001110000000000000
000000001110000000000000
000000001100000000000000
000000001100000000000000
000000001100000000000000
000000000000000000000000
000000000000000000000000
000000000000000000000000
start_draw_0:
000000000000000000000000
000011100000000000000000
000011111111111000000000
000011111111111000000000
000000000000011000000000
000000000000011000000000
000000000000011000000000
000000000000011000000000
000000000000011000000000
000000000000011000000000
000000000000111000000000
000000000000111000000000
000000000000111000000000
000000000000110000000000
000000000000110000000000
000000000000110000000000
000000000000110000000000
000000000000000000000000
000000000000000000000000
000000000000000000000000
000000000000000000000000
000000000000000000000000
000000000000000000000000
000000000000000000000000
000000000000000000000000
000000000000000000000000
000000000000000000000000
000000000000000000000000
000000000000000000000000
000000000000000000000000
000000000000000000000000
000000000000000000000000
000000000000000000000000
000000000000000000000000
000000000000000000000000
000000000000000000000000
start_draw_0:
000000000000000000000000
000000000000000000000000
000000000000000000000000
000000000000000000000000
000000000001111111110000
000000000001111111111000
000000000000000011111000
000000000000000000111000
000000000000000000111000
000000000000000000011000
000000000000000000011000
000000000000000000011000
000000000000000000011000
000000000000000000011000
000000000000000000111000
000000000000000000111000
000000000000000000111000
000000000000000000111000
000000000000000000111000
000000000000000000111000
000000000000000000111000
000000000000000000111000
000000000000000000000000
000000000000000000000000
000000000000000000000000
000000000000000000000000
000000000000000000000000
000000000000000000000000
000000000000000000000000
000000000000000000000000
000000000000000000000000
000000000000000000000000
000000000000000000000000
000000000000000000000000
000000000000000000000000
000000000000000000000000
start_draw_0:
000000000000000000000000
000000000000000000000000
000000000000000000000000
000000000000000000000000
000000000000000000000000
000000000000000000000000
000000000000000000000000
000000000000000000000000
000000000000000000000000
000000000000000000000000
000000000000000000000000
000000000000000000000000
000000001111000000000000
000000001111111111100000
000000001111111111111100
000000000000000111111110
000000000000000000011110
000000000000000000001110
000000000000000000001110
000000000000000000001110
000000000000000000011110
000000000000000000011100
000000000000000000011100
000000000000000000111000
000000000000000000111000
000000000000000000110000
000000000000000000110000
000000000000000000110000
000000000000000000110000
000000000000000000110000
000000000000000000110000
000000000000000000000000
000000000000000000000000
000000000000000000000000
000000000000000000000000
000000000000000000000000
start_draw_0:
000000000000000000000000
000000000000000000000000
000000000000000000000000
000000000000000000000000
000000000000000000000000
000000000000000000000000
000000000000000000000000
000000000000000000000000
000000000000000000000000
000000000000000000000000
000000000000000000000000
000000000000001110000000
000001111111111110000000
000001111111111110000000
000001110000001110000000
000000000000001110000000
000000000000011100000000
000000000000011100000000
000000000000111000000000
000000000000111000000000
000000000001110000000000
000000000001110000000000
000000000001110000000000
000000000001100000000000
000000000011100000000000
000000000011100000000000
000000000011100000000000
000000000000000000000000
000000000000000000000000
000000000000000000000000
000000000000000000000000
000000000000000000000000
000000000000000000000000
000000000000000000000000
000000000000000000000000
000000000000000000000000
start_draw_0:
000000000000000000000000
000000000000000000000000
000000000000000000000000
000000000000000000000000
000000000000000000000000
000000000000000000000000
000000000000000000000000
000000000000000000000000
000000000000000000000000
000000000000000000000000
000000000000000000000000
000000000000000000000000
000000000000000000000000
000000000000000000000000
000000000000000000000000
000000000000000000000000
000000000000000000000000
000000000000000000000000
000000000000000000000000
000000000000000000000000
000000000001111111100000
000000000001111111110000
000000000000000001110000
000000000000000001110000
000000000000000001110000
000000000000000001110000
000000000000000001110000
000000000000000001100000
000000000000000001100000
000000000000000001100000
000000000000000001100000
000000000000000001100000
000000000000000001100000
000000000000000001100000
000000000000000000000000
000000000000000000000000
start_draw_0:
000000000000000000000000
000000000000000000000000
000000000000000000000000
000000000000000000000000
000000000000000000000000
000000000000000000000000
000000000000000000000000
000000000000000000000000
000000000000000000000000
000000000000000000000000
000000000000000000000000
000000000000000000000000
000000000000000000000000
000000000000000000000000
000000000000000000000000
000000000000000000000000
000000000000000000000000
000111111100000000000000
000111111111100000000000
000000011111111000000000
000000000011111000000000
000000000000111000000000
000000000000111000000000
000000000000111000000000
000000000001110000000000
000000000011110000000000
000000000011100000000000
000000000111100000000000
000000000111000000000000
000000000111000000000000
000000000110000000000000
000000000110000000000000
000000000110000000000000
000000000110000000000000
000000000000000000000000
000000000000000000000000
start_draw_0:
000000000000000000000000
000000000000000000000000
000000000000000000000000
000000000000000000000000
000000000000000000000000
000000000000000000000000
000000000000000000000000
000000000000000000000000
000000000000000000000000
011111000000000000000000
011111111111000000000000
011111111111000000000000
000000000111000000000000
000000000011000000000000
000000000111000000000000
000000000111000000000000
000000000111000000000000
000000000110000000000000
000000001110000000000000
000000001110000000000000
000000001110000000000000
000000001100000000000000
000000001100000000000000
000000001100000000000000
000000001100000000000000
000000000000000000000000
000000000000000000000000
000000000000000000000000
000000000000000000000000
000000000000000000000000
000000000000000000000000
000000000000000000000000
000000000000000000000000
000000000000000000000000
000000000000000000000000
000000000000000000000000
start_draw_0:
000000000000000000000000
000111111000000000000000
000111111111000000000000
000111111111100000000000
000000000011100000000000
000000000011100000000000
000000000011100000000000
000000000011100000000000
000000000111000000000000
000000000111000000000000
000000000111000000000000
000000000110000000000000
000000001110000000000000
000000001110000000000000
000000001110000000000000
000000011100000000000000
000000011100000000000000
000000011100000000000000
000000011100000000000000
000000011000000000000000
000000000000000000000000
000000000000000000000000
000000000000000000000000
000000000000000000000000
000000000000000000000000
000000000000000000000000
000000000000000000000000
000000000000000000000000
000000000000000000000000
000000000000000000000000
000000000000000000000000
000000000000000000000000
000000000000000000000000
000000000000000000000000
000000000000000000000000
000000000000000000000000
start_draw_0:
000000000000000000000000
000000000000000000000000
000000000000000000000000
000000000000000000000000
000000000000000000000000
000000000000000000000000
000000000000000000000000
000000000000000000000000
000001111111111111110000
000001111111111111110000
000000000000000001110000
000000000000000001110000
000000000000000001110000
000000000000000001100000
000000000000000001100000
000000000000000011100000
000000000000000011100000
000000000000000011100000
000000000000000011000000
000000000000000111000000
000000000000000111000000
000000000000000111000000
000000000000000110000000
000000000000000110000000
000000000000000110000000
000000000000000110000000
000000000000000110000000
000000000000000110000000
000000000000000110000000
000000000000000111000000
000000000000000111000000
000000000000000111000000
000000000000000000000000
000000000000000000000000
000000000000000000000000
000000000000000000000000
start_draw_0:
000000000000000000000000
000000000000000000000000
000000000000000000000000
000000000000001111111000
000000000000001111111100
000000000000000001111100
000000000000000000001100
000000000000000000001100
000000000000000000001100
000000000000000000001100
000000000000000000011100
000000000000000000011100
000000000000000000011100
000000000000000000011000
000000000000000000011000
000000000000000000011000
000000000000000000111000
000000000000000000111000
000000000000000000111000
000000000000000000110000
000000000000000000110000
000000000000000000000000
000000000000000000000000
000000000000000000000000
000000000000000000000000
000000000000000000000000
000000000000000000000000
000000000000000000000000
000000000000000000000000
000000000000000000000000
000000000000000000000000
000000000000000000000000
000000000000000000000000
000000000000000000000000
000000000000000000000000
000000000000000000000000
start_draw_0:
000000000000000000000000
000000000000000000000000
000000000000000000000000
000000000000000000000000
000000000000000000000000
000000000000000000000000
000000000000000000000000
000000000000000000000000
000000000000000000000000
000000000000000000000000
000000000000000000000000
000000000000000000000000
000000000000000000000000
000000000000000000000000
000000000000000000000000
000000000000000000000000
000000000011100000000000
000000000011111100000000
000000000011111111111110
000000000000011111111111
000000000000000000011111
000000000000000000000111
000000000000000000001111
000000000000000000001110
000000000000000000011110
000000000000000000011100
000000000000000000111100
000000000000000000111000
000000000000000000111000
000000000000000000110000
000000000000000000110000
000000000000000000110000
000000000000000000110000
000000000000000000110000
000000000000000000110000
000000000000000000000000
start_draw_0:
000000000000000000000000
000000000000000000000000
000000000000000000000000
000000000000000000000000
000000000000000000000000
000000000000000000000000
000000000000000000000000
000000000000000000000000
000000000000000000000000
000000000000000000000000
000000000000000000000000
000000000000000000000000
000000000000000000000000
000000000000000000000000
000000000000000000000000
000000000000000000000000
000000000000000000000000
000001100000000000000000
000001111111000000000000
000001111111111100000000
000000011111111100000000
000000000000011100000000
000000000000111000000000
000000000000111000000000
000000000001110000000000
000000000001110000000000
000000000001100000000000
000000000011100000000000
000000000011100000000000
000000000011100000000000
000000000011000000000000
000000000011000000000000
000000000011000000000000
000000000011000000000000
000000000011000000000000
000000000011000000000000
start_draw_0:
000000000000000000000000
000000000000000000000000
000000000000000000000000
000000000000000000000000
000000000000000000000000
000000000000000000000000
011111111110000000000000
011111111110000000000000
000000001110000000000000
000000001110000000000000
000000001110000000000000
000000001100000000000000
000000011100000000000000
000000011100000000000000
000000011100000000000000
000000111000000000000000
000000111000000000000000
000000111000000000000000
000000110000000000000000
000001110000000000000000
000001110000000000000000
000001100000000000000000
000011100000000000000000
000011100000000000000000
000011100000000000000000
000011000000000000000000
000000000000000000000000
000000000000000000000000
000000000000000000000000
000000000000000000000000
000000000000000000000000
000000000000000000000000
000000000000000000000000
000000000000000000000000
000000000000000000000000
000000000000000000000000
start_draw_0:
000111110000000000000000
000111111111100000000000
000001111111100000000000
000000000011100000000000
000000000001100000000000
000000000001100000000000
000000000001100000000000
000000000001100000000000
000000000001100000000000
000000000001100000000000
000000000001100000000000
000000000001100000000000
000000000001100000000000
000000000001100000000000
000000000001100000000000
000000000001100000000000
000000000001100000000000
000000000001100000000000
000000000001100000000000
000000000000000000000000
000000000000000000000000
000000000000000000000000
000000000000000000000000
000000000000000000000000
000000000000000000000000
000000000000000000000000
000000000000000000000000
000000000000000000000000
000000000000000000000000
000000000000000000000000
000000000000000000000000
000000000000000000000000
000000000000000000000000
000000000000000000000000
000000000000000000000000
000000000000000000000000
start_draw_0:
000000000000000000000000
000000000000000000000000
000000000000000000000000
000000000000000000000000
000000000001111111110000
000000000001111111110000
000000000000011111111000
000000000000000000111000
000000000000000000111000
000000000000000000011000
000000000000000000011000
000000000000000000011000
000000000000000000011000
000000000000000000011000
000000000000000000011000
000000000000000000011000
000000000000000000011000
000000000000000000011000
000000000000000000011000
000000000000000000011000
000000000000000000011000
000000000000000000011000
000000000000000000011000
000000000000000000011000
000000000000000000011000
000000000000000000011100
000000000000000000011100
000000000000000000000000
000000000000000000000000
000000000000000000000000
000000000000000000000000
000000000000000000000000
000000000000000000000000
000000000000000000000000
000000000000000000000000
000000000000000000000000
start_draw_0:
000000000000000000000000
000000000000000000000000
000000000000000000000000
000000000000000000000000
000000000000000000000000
000000000000000000000000
000000000000000000000000
000000000000000000000000
000000000000000000000000
000000000000000000000000
000000000000000000000000
000000000000000000000000
000000000000000000000000
000000000000000000000000
000000000000000000000000
000111111000000000000000
000111111111111100000000
000000111111111111000000
000000000000111111000000
000000000000000111000000
000000000000001110000000
000000000000001110000000
000000000000011100000000
000000000000011100000000
000000000000011100000000
000000000000011000000000
000000000000111000000000
000000000000111000000000
000000000000111000000000
000000000000110000000000
000000000000110000000000
000000000000110000000000
000000000000110000000000
000000000000000000000000
000000000000000000000000
000000000000000000000000
start_draw_0:
000000000000000000000000
000000000000000000000000
000000000000000000000000
000000000000000000000000
000000000000000000000000
000000000000000000000000
000000000000000000000000
000000000000000000000000
000000000000000000000000
000000000000000000000000
000000000000000000000000
000000000000000000000000
000000000000000000000000
000000000000000000000000
000000000111111111111111
000000000111111111111111
000000000001111111111111
000000000000000000000111
000000000000000000000111
000000000000000000000110
000000000000000000001110
000000000000000000001110
000000000000000000001110
000000000000000000011100
000000000000000000011100
000000000000000000011100
000000000000000000011000
000000000000000000011000
000000000000000000011000
000000000000000000111000
000000000000000000111000
000000000000000000111000
000000000000000000111000
000000000000000000000000
000000000000000000000000
000000000000000000000000
start_draw_0:
000000000000000000000000
000000000000000000000000
000000000000000000000000
000111111110000000000000
000111111111111000000000
000000001111111000000000
000000000000111000000000
000000000000111000000000
000000000000111000000000
000000000000111000000000
000000000000111000000000
000000000000110000000000
000000000001110000000000
000000000001110000000000
000000000001100000000000
000000000011100000000000
000000000011100000000000
000000000111000000000000
000000000111000000000000
000000000111000000000000
000000001110000000000000
000000001110000000000000
000000001100000000000000
000000011100000000000000
000000011100000000000000
000000011100000000000000
000000011000000000000000
000000000000000000000000
000000000000000000000000
000000000000000000000000
000000000000000000000000
000000000000000000000000
000000000000000000000000
000000000000000000000000
000000000000000000000000
000000000000000000000000
start_draw_0:
000000000000000000000000
000000000000000000000000
000000000000011111100000
000000000111111111110000
000000000111111111110000
000000000000000001110000
000000000000000001110000
000000000000000001110000
000000000000000001110000
000000000000000001100000
000000000000000001100000
000000000000000001100000
000000000000000011100000
000000000000000011100000
000000000000000011100000
000000000000000011000000
000000000000000011000000
000000000000000011000000
000000000000000011000000
000000000000000011000000
000000000000000011000000
000000000000000011000000
000000000000000011000000
000000000000000000000000
000000000000000000000000
000000000000000000000000
000000000000000000000000
000000000000000000000000
000000000000000000000000
000000000000000000000000
000000000000000000000000
000000000000000000000000
000000000000000000000000
000000000000000000000000
000000000000000000000000
000000000000000000000000
start_draw_0:
000000000000000000000000
000000000000000000000000
000000000000000000000000
000000000000000000000000
000000000000000000000000
000000000000000000000000
000000000000000000000000
000000000000000000000000
000000000000000000000000
000000000000000000000000
000000000000000000000000
000000000000000000000000
001100000000000000000000
001111000000000000000000
001111111111110000000000
000111111111111000000000
000000001111111000000000
000000000000011000000000
000000000000011000000000
000000000000011000000000
000000000000111000000000
000000000000111000000000
000000000000111000000000
000000000000110000000000
000000000000110000000000
000000000001110000000000
000000000001110000000000
000000000001110000000000
000000000001100000000000
000000000001100000000000
000000000001100000000000
000000000001100000000000
000000000000000000000000
000000000000000000000000
000000000000000000000000
000000000000000000000000
start_draw_0:
000000000000000000000000
000000000000000000000000
000000000000000000000000
000000000000000000000000
000000000111111111000000
000000000111111111000000
000000000111111111000000
000000000000000011000000
000000000000000011000000
000000000000000011000000
000000000000000011000000
000000000000000011000000
000000000000000011000000
000000000000000011000000
000000000000000011000000
000000000000000111000000
000000000000000111000000
000000000000000110000000
000000000000001110000000
000000000000001110000000
000000000000001110000000
000000000000001100000000
000000000000011100000000
000000000000011100000000
000000000000011100000000
000000000000011000000000
000000000000011000000000
000000000000011000000000
000000000000011000000000
000000000000000000000000
000000000000000000000000
000000000000000000000000
000000000000000000000000
000000000000000000000000
000000000000000000000000
000000000000000000000000
start_draw_0:
000000000000000000000000
000000000000000000000000
000000000000000000000000
000000000000000000000000
000000000000000000000000
000000000000000000000000
000000000000000000000000
000000000000000000000000
000000000000000000000000
000000000000000000000000
011110000000000000000000
011111111111111100000000
001111111111111100000000
000000000000001100000000
000000000000001100000000
000000000000001100000000
000000000000001100000000
000000000000001100000000
000000000000001100000000
000000000000001100000000
000000000000001100000000
000000000000001100000000
000000000000001100000000
000000000000001100000000
000000000000001100000000
000000000000001100000000
000000000000001100000000
000000000000001100000000
000000000000001100000000
000000000000001100000000
000000000000001100000000
000000000000001110000000
000000000000001110000000
000000000000001110000000
000000000000000000000000
000000000000000000000000
start_draw_0:
000000000000000000000000
000111111110000000000000
000111111111111100000000
000000011111111100000000
000000000000001100000000
000000000000001100000000
000000000000001100000000
000000000000001100000000
000000000000001100000000
000000000000001100000000
000000000000001100000000
000000000000001100000000
000000000000001100000000
000000000000011100000000
000000000000011100000000
000000000000011100000000
000000000000011000000000
000000000000011000000000
000000000000011000000000
000000000000011000000000
000000000000011000000000
000000000000011000000000
000000000000011000000000
000000000000011000000000
000000000000011000000000
000000000000011100000000
000000000000011100000000
000000000000011100000000
000000000000000000000000
000000000000000000000000
000000000000000000000000
000000000000000000000000
000000000000000000000000
000000000000000000000000
000000000000000000000000
000000000000000000000000
start_draw_0:
000000000000000000000000
000000000000000000000000
000000000000000000000000
000000000000000000000000
000000000000000000000000
000000000000001111111100
000000000000001111111101
000000000000000000000011
000000000000000000000011
000000000000000000000111
000000000000000000000111
000000000000000000000111
000000000000000000001110
000000000000000000001110
000000000000000000001110
000000000000000000001100
000000000000000000011100
000000000000000000011100
000000000000000000011100
000000000000000000011000
000000000000000000111000
000000000000000000111000
000000000000000000111000
000000000000000001110000
000000000000000001110000
000000000000000001110000
000000000000000001100000
000000000000000011100000
000000000000000011100000
000000000000000011100000
000000000000000000000000
000000000000000000000000
000000000000000000000000
000000000000000000000000
000000000000000000000000
000000000000000000000000
start_draw_0:
000000000000000000000000
000000000000000000000000
000000000000000000000000
000000000000000000000000
000000000001111111000000
000001111111111111000000
000001111111110111000000
000000000000000110000000
000000000000000110000000
000000000000001110000000
000000000000001110000000
000000000000001110000000
000000000000001110000000
000000000000001100000000
000000000000001100000000
000000000000001100000000
000000000000011100000000
000000000000011100000000
000000000000011100000000
000000000000011100000000
000000000000011000000000
000000000000011000000000
000000000000011000000000
000000000000011000000000
000000000000011000000000
000000000000011000000000
000000000000011000000000
000000000000000000000000
000000000000000000000000
000000000000000000000000
000000000000000000000000
000000000000000000000000
000000000000000000000000
000000000000000000000000
000000000000000000000000
000000000000000000000000
start_draw_0:
000000000000000000000000
000000000000000000000000
000000000000000000000000
000000000000000000000000
000000000000000000000000
000000000000000000000000
000000000000000000000000
000000000000000000000000
000000000000000000000000
000000000000000000000000
000000000000000000000000
000111111111111110000000
000111111111111110000000
000000000000000110000000
000000000000000110000000
000000000000000110000000
000000000000000110000000
000000000000000110000000
000000000000001110000000
000000000000001110000000
000000000000001110000000
000000000000001100000000
000000000000001100000000
000000000000001100000000
000000000000001100000000
000000000000001100000000
000000000000001100000000
000000000000001100000000
000000000000001100000000
000000000000001100000000
000000000000001100000000
000000000000001100000000
000000000000000000000000
000000000000000000000000
000000000000000000000000
000000000000000000000000
start_draw_0:
000000000000000000000000
000000000000000000000000
000000000000000000000000
000000000000000000000000
000000000001110000000000
000000000001111111111111
000000000001111111111111
000000000000000000000111
000000000000000000000110
000000000000000000000110
000000000000000000000110
000000000000000000000110
000000000000000000001110
000000000000000000001110
000000000000000000001110
000000000000000000001100
000000000000000000001100
000000000000000000001100
000000000000000000001100
000000000000000000011100
000000000000000000011100
000000000000000000011100
000000000000000000011000
000000000000000000011000
000000000000000000011000
000000000000000000111000
000000000000000000111000
000000000000000000111000
000000000000000000111000
000000000000000000110000
000000000000000000000000
000000000000000000000000
000000000000000000000000
000000000000000000000000
000000000000000000000000
000000000000000000000000
start_draw_0:
000000000000000000000000
000000000000000000000000
000000000000000000000000
000111111111100000000000
000111111111100000000000
000001111101100000000000
000000000001100000000000
000000000001100000000000
000000000001100000000000
000000000001100000000000
000000000001100000000000
000000000001100000000000
000000000001100000000000
000000000011100000000000
000000000011100000000000
111111111011100000000000
111111111111111111000000
000001111111111111000000
000000000011000000000000
000000000011000000000000
000000000011000000000000
000000000011000000000000
000000000011000000000000
000000000011100000000000
000000000011100000000000
000000000001100000000000
000000000001100000000000
000000000000000000000000
000000000000000000000000
000000000000000000000000
000000000000000000000000
000000000000000000000000
000000000000000000000000
000000000000000000000000
000000000000000000000000
000000000000000000000000
start_draw_0:
000000000000000000000000
000000000000000000000000
000000000000000000000000
000000000000000000000000
000000000000000000000000
000000000111111111111100
000000000111111111111100
000000000000000000001100
000000000000000000001100
000000000000000000001100
000000000000000000001100
000000000000000000011100
000000000000000000011100
000000000000000000011100
000000000000000000011000
000000000110000000111000
000000000111111100111000
000000000111111111111111
000000000000111111111111
000000000000000001111111
000000000000000001100000
000000000000000011100000
000000000000000011100000
000000000000000011000000
000000000000000011000000
000000000000000011000000
000000000000000011000000
000000000000000000000000
000000000000000000000000
000000000000000000000000
000000000000000000000000
000000000000000000000000
000000000000000000000000
000000000000000000000000
000000000000000000000000
000000000000000000000000
start_draw_0:
000000000000000000000000
000000000000000000000000
000000000000000000000000
000000000000000000000000
000001111000000000000000
000001111111110000000000
000000111111111111000000
000000000001111111000000
000000000000000111000000
000000000000000111000000
000000000000000111000000
000000000000000110000000
000000000000001110000000
000000000000001110000000
000000000000001100000000
000000000000011100000000
000000000000011100000000
000000000000011100000000
000000000000011000000000
000000001111111110000000
000000001111111111111110
000000000000111111111110
000000000000110000001110
000000000000110000000000
000000000001110000000000
000000000001110000000000
000000000001110000000000
000000000001110000000000
000000000001100000000000
000000000001110000000000
000000000001110000000000
000000000000110000000000
000000000000000000000000
000000000000000000000000
000000000000000000000000
000000000000000000000000
start_draw_0:
000000000000000000000000
000000000000000000000000
000000000000000000000000
000000000000000000000000
000000000000000000000000
000000000000000000000000
000000000000000000000000
000000000000000000000000
000000000000000000000000
000000000000000000000000
000000000000000000000000
000000000000000000000000
000000000000000000000000
000000000000000000000000
000000000000000000000000
000000000000000000000000
000000000001111111111000
000000000001111111111111
000000000000000001111111
000000000000000000000001
000000000000000000000011
000000000000000000000111
000000000000000000000111
000000000000000000001111
000000000000111111111110
000000000000111111111110
000000000000000011111110
000000000000000000011100
000000000000000000011000
000000000000000000011000
000000000000000000011000
000000000000000000011000
000000000000000000000000
000000000000000000000000
000000000000000000000000
000000000000000000000000
start_draw_0:
000000000000000000000000
000000000000000000000000
000000000000000000000000
000000000000000000000000
000000000000000000000000
000000000000000000000000
000000000000000000000000
000000000000000000000000
000000000000000000000000
000000000000000000000000
000000000000000000000000
000000000000000000000000
000000000000000000000000
111111110000000000000000
111111111111100000000000
000011111111100000000000
000000000011100000000000
000000000011100000000000
000000000011100000000000
000000000011000000000000
000000000011000000000000
001100000111000000000000
001111111111000000000000
001111111111111111000000
000001111111111111000000
000000001110000000000000
000000001110000000000000
000000011100000000000000
000000011100000000000000
000000011100000000000000
000000011000000000000000
000000000000000000000000
000000000000000000000000
000000000000000000000000
000000000000000000000000
000000000000000000000000
start_draw_0:
000000000000000000000000
000111111100000000000000
001111111111000000000000
001111111111000000000000
000000000011000000000000
000000000011000000000000
000000000011000000000000
000000000011000000000000
000000000011000000000000
000000000111000000000000
000000000111000000000000
000011111111000000000000
000011111111111110000000
000000001111111110000000
000000001110011110000000
000000001100000000000000
000000001100000000000000
000000011100000000000000
000000011100000000000000
000000011100000000000000
000000011000000000000000
000000011000000000000000
000000000000000000000000
000000000000000000000000
000000000000000000000000
000000000000000000000000
000000000000000000000000
000000000000000000000000
000000000000000000000000
000000000000000000000000
000000000000000000000000
000000000000000000000000
000000000000000000000000
000000000000000000000000
000000000000000000000000
000000000000000000000000
start_draw_0:
000000000000000000000000
000000000000000000000000
000000000000000000000000
000000000000000000000000
000000001100000000000000
000000011111111111110000
000000011111111111110000
000000000000000000110000
000000000000000000110000
000000000000000000110000
000000000000000000110000
000000000000000000110000
000000000000000000110000
000000000000000000110000
000000000000000001110000
000000000011111101110000
000000000011111111111111
000000000000111111111111
000000000000000001100000
000000000000000001100000
000000000000000001100000
000000000000000001100000
000000000000000001100000
000000000000000001100000
000000000000000001100000
000000000000000001100000
000000000000000001100000
000000000000000000000000
000000000000000000000000
000000000000000000000000
000000000000000000000000
000000000000000000000000
000000000000000000000000
000000000000000000000000
000000000000000000000000
000000000000000000000000
start_draw_0:
000000000000000000000000
000000000000000000000000
000000000000000000000000
000000000000000000000000
000000000000000000000000
000000000000000000000000
000000000000000000000000
000000000000000000000000
000000000000000000000000
000000000000000000000000
000000000000000000000000
000000111111100000000000
000000111111111111000000
000000000011111111000000
000000000000000011000000
000000000000000011000000
000000000000000111000000
000000000000000111000000
000000000000001111000000
000000000000001110000000
000000000000011100000000
000000000000111100000000
000000011100111000000000
000000011111111000000000
000000001111110000000000
000000000111111110000000
000000000011111111111100
000000000111001111111111
000000000111000000111111
000000000111000000000000
000000001110000000000000
000000001110000000000000
000000001110000000000000
000000001100000000000000
000000001100000000000000
000000000000000000000000
start_draw_0:
000000000000000000000000
000000000000000000000000
000000000000000000000000
000000111110000000000000
000000111111111111000000
000000001111111111000000
000000000000000111000000
000000000000000011000000
000000000000000011000000
000000000000000011000000
000000000000000111000000
000000000000000111000000
000000000000000111000000
000000000000000110000000
000000000000000110000000
000000000000000110000000
000000111111111111100000
000000111111111111111111
000000000000001111111111
000000000000001110000000
000000000000001100000000
000000000000001100000000
000000000000001100000000
000000000000001100000000
000000000000001100000000
000000000000001100000000
000000000000001100000000
000000000000001100000000
000000000000001100000000
000000000000000000000000
000000000000000000000000
000000000000000000000000
000000000000000000000000
000000000000000000000000
000000000000000000000000
000000000000000000000000
start_draw_0:
000000000000000000000000
000000000000000000000000
000000000000000000000000
000000000000000000000000
000000000111111111000000
000000000111111111111000
000000000000000011111000
000000000000000000111000
000000000000000000111000
000000000000000001110000
000000000000000001110000
000000000000000001110000
000000000000000011100000
000000000000000011100000
000000000000000011100000
000000000000000111000000
000000000000000111000000
000000000000001110000000
000000000000001110000000
000000000111111111111000
000000000111111111111000
000000000000111111111000
000000000000011100000000
000000000000011100000000
000000000000011100000000
000000000000011000000000
000000000000011000000000
000000000000011000000000
000000000000011000000000
000000000000011000000000
000000000000000000000000
000000000000000000000000
000000000000000000000000
000000000000000000000000
000000000000000000000000
000000000000000000000000
start_draw_0:
000000000000000000000000
000000000000000000000000
000000000000000000000000
011111111111100000000000
011111111111100000000000
000000000001100000000000
000000000001100000000000
000000000001100000000000
000000000011100000000000
000000000011100000000000
000000000011100000000000
000000000111000000000000
000000000111000000000000
000001111111111111000000
000001111111111111000000
000001111111111111000000
000000001110000000000000
000000001100000000000000
000000011100000000000000
000000011100000000000000
000000011100000000000000
000000011000000000000000
000000011000000000000000
000000011000000000000000
000000111000000000000000
000000111000000000000000
000000111000000000000000
000000000000000000000000
000000000000000000000000
000000000000000000000000
000000000000000000000000
000000000000000000000000
000000000000000000000000
000000000000000000000000
000000000000000000000000
000000000000000000000000
start_draw_0:
000000000000000000000000
000000000000000000000000
000000000000000000000000
000000000000000000000000
000000000000000000000000
000000000000000000000000
000000000000000000000000
000000000000000000000000
000000000000000000000000
000000000000000000000000
000000000000000000000000
000000000000000000000000
000000000000000000000000
000000000000000000000000
000000011111111110000000
000000011111111111111111
000000000000001111111111
000000000000000000000111
000000000000000000000011
000000000000000000000011
000000000000000000000111
000000000000000000000111
000000000000000000000111
000000000000000000000110
000000000000000000001110
000000000000000000001110
000000000000011111111111
000000000000011111111111
000000000000000000001100
000000000000000000001100
000000000000000000001100
000000000000000000001100
000000000000000000000000
000000000000000000000000
000000000000000000000000
000000000000000000000000
start_draw_0:
000000000000000000000000
000000000000000000000000
000000000000000000000000
000000000000000000000000
000000000000000000000000
000000000000000000000000
000000000000000000000000
000000000000000000000000
000000000000000000000000
000000000000000000000000
000000000000000000000000
000000000000000000000000
000000000000000000000000
000000000000000000000000
000000000000000000000000
000000011111111111110000
001111111111111111110000
011111111100000001110000
011110000000000011100000
000000000000000111100000
000000000000000111000000
000000000000001111000000
000000000000001110000000
000000000000011110000000
000000000111111111111111
000000000111111111111111
000000000000111000000000
000000000000111000000000
000000000000110000000000
000000000000110000000000
000000000000110000000000
000000000000110000000000
000000000000110000000000
000000000000000000000000
000000000000000000000000
000000000000000000000000
start_draw_0:
000000000000000000000000
000000000000000000000000
000000000000000000000000
000000000001111111111100
000000000001111111111100
000000000000000000011100
000000000000000000011100
000000000000000000011100
000000000000000000011000
000000000000000000111000
000000000000000000111000
000000000000000000111000
000000000000000000110000
000000000000000000110000
000000000000000000110000
000000000110000000110000
000000000111111111110000
000000000111111111111110
000000000000001111111110
000000000000000001110000
000000000000000001110000
000000000000000001110000
000000000000000001110000
000000000000000001110000
000000000000000001110000
000000000000000001110000
000000000000000001110000
000000000000000001110000
000000000000000000000000
000000000000000000000000
000000000000000000000000
000000000000000000000000
000000000000000000000000
000000000000000000000000
000000000000000000000000
000000000000000000000000
start_draw_0:
000000000000000000000000
000000000000000000000000
000111111110000000000000
000111111111111000000000
000110011111111110000000
000000000000011111000000
000000000000000111000000
000000000000000111000000
000000000000000111000000
000001100000001110000000
000001110000001110000000
000001111100001110000000
000000111111111100000000
000000001111111111100000
000000000000111111100000
000000000000111000000000
000000000001111000000000
000000000001110000000000
000000000001110000000000
000000000001100000000000
000000000011100000000000
000000000011100000000000
000000000011100000000000
000000000000000000000000
000000000000000000000000
000000000000000000000000
000000000000000000000000
000000000000000000000000
000000000000000000000000
000000000000000000000000
000000000000000000000000
000000000000000000000000
000000000000000000000000
000000000000000000000000
000000000000000000000000
000000000000000000000000
start_draw_0:
000000000000000000000000
000000000000000000000000
000000000000111111000000
000000000011111111111111
000000000011111111111111
000000000000000000000111
000000000000000000000111
000000000000000000000110
000000000000000000001110
000000000000000000001110
000000000000000000001110
000000000000000000011100
000000000000111111111110
000000000000111111111110
000000000000000000111110
000000000000000000111000
000000000000000000111000
000000000000000000110000
000000000000000001110000
000000000000000001110000
000000000000000001100000
000000000000000001100000
000000000000000011100000
000000000000000011100000
000000000000000011100000
000000000000000000000000
000000000000000000000000
000000000000000000000000
000000000000000000000000
000000000000000000000000
000000000000000000000000
000000000000000000000000
000000000000000000000000
000000000000000000000000
000000000000000000000000
000000000000000000000000
start_draw_0:
000000000000000000000000
000000000000000000000000
000000000000000000000000
000000000000000000000000
000000000000000000000000
000000000000000000000000
000000000000000000000000
000000000000000000000000
000000000000000000000000
000000000000000000000000
000000000000000000000000
000000000000000000000000
000000000000000000000000
000000000000000000000000
000000000000000000000000
111000000000000000000000
111111100000000000000000
111111111111000000000000
000011111111111110000000
000000000111111110000000
000000000000001110000000
000000000000001110000000
001110000000011100000000
001111111110011100000000
001111111111111111111110
000000011111111111111110
000000000001110000000000
000000000001110000000000
000000000001100000000000
000000000011100000000000
000000000011100000000000
000000000011100000000000
000000000011000000000000
000000000000000000000000
000000000000000000000000
000000000000000000000000
start_draw_0:
000000000000000000000000
000000000000000000000000
001111111110000000000000
001111111111111100000000
000000011111111100000000
000000000000001100000000
000000000000001100000000
000000000000001100000000
000000000000001100000000
000000000000011100000000
000000000000011100000000
000000000000011100000000
000000000000011000000000
000000000000111000000000
000011111111111111111111
000011111111111111111111
000000000001110000000000
000000000001110000000000
000000000001100000000000
000000000011100000000000
000000000011100000000000
000000000011100000000000
000000000011000000000000
000000000011000000000000
000000000011000000000000
000000000011000000000000
000000000011000000000000
000000000000000000000000
000000000000000000000000
000000000000000000000000
000000000000000000000000
000000000000000000000000
000000000000000000000000
000000000000000000000000
000000000000000000000000
000000000000000000000000
start_draw_0:
000000000000000000000000
000000000000000000000000
000000000000000000000000
000000000000000000000000
000000000000000000000000
000000000000000000000000
000000000000000000000000
000000000000000000000000
000000000000000000000000
000000000000000000000000
000000000000000000000000
000000000000000000000000
000000000000000000000000
000000000000000000000000
000000000000000000000000
000000000000000000000000
000111111111111100000000
000111111111111100000000
000000000000011100000000
000000000000111100000000
000000000000111000000000
000000000001110000000000
000000000001110000000000
000000000001110000000000
000000000011100000000000
000011111111111111110000
000011111111111111110000
000000000111000000000000
000000000111000000000000
000000000110000000000000
000000000110000000000000
000000000110000000000000
000000000110000000000000
000000000000000000000000
000000000000000000000000
000000000000000000000000
start_draw_0:
000000000000000000000000
000000000000000000000000
000000000000000000000000
011111111111000000000000
011111111111000000000000
011000111111000000000000
000000000011000000000000
000000000011000000000000
000000000011000000000000
000000000011000000000000
000000000011000000000000
000000000011000000000000
000000000011000000000000
000000000011000000000000
000000000011000000000000
000000000011000000000000
000000000011000000000000
000000000111000000000000
000000000111000000000000
000000000111000000000000
000000000111000000000000
000000000110000000000000
000000000000000000000000
000000000000000000000000
000000000000000000000000
000000000000000000000000
000000000000000000000000
000000000000000000000000
000000000000000000000000
000000000000000000000000
000000000000000000000000
000000000000000000000000
000000000000000000000000
000000000000000000000000
000000000000000000000000
000000000000000000000000
start_draw_0:
000000000000000000000000
000000000000000000000000
000000000011110000000000
000000000011111111110000
000000000001111111111100
000000000000000001111100
000000000000000000001100
000000000000000000001100
000000000000000000011100
000000000000000000011100
000000000000000000011100
000000000000000000011000
000000000000000000111000
000000000011110000111000
000000000011111111111111
000000000011111111111111
000000000000000000110000
000000000000000000110000
000000000000000000110000
000000000000000000110000
000000000000000000110000
000000000000000000110000
000000000000000000110000
000000000000000000110000
000000000000000000110000
000000000000000000110000
000000000000000000110000
000000000000000000110000
000000000000000000000000
000000000000000000000000
000000000000000000000000
000000000000000000000000
000000000000000000000000
000000000000000000000000
000000000000000000000000
000000000000000000000000
start_draw_0:
000000000000000000000000
000000000000000000000000
000000000000000000000000
000000000000000000000000
000000000000000000000000
000000000000000000000000
000000000000000000000000
000000000000000000000000
000000000000000000000000
000000000000000000000000
000000000000000000000000
000000000000000000000000
000011111111111111110000
000011111111111111110000
000000000000000001110000
000000000000000001110000
000000000000000001100000
000000000000000011100000
000000000000000011100000
000000000000000111000000
000000000000000111000000
000000001111111111111000
000000001111111111111000
000000001111011100000000
000000000000111100000000
000000000000111000000000
000000000000111000000000
000000000000110000000000
000000000000110000000000
000000000000000000000000
000000000000000000000000
000000000000000000000000
000000000000000000000000
000000000000000000000000
000000000000000000000000
000000000000000000000000
start_draw_0:
000000000000000000000000
000000000000000000000000
000000000000000000000000
000000000000000000000000
000000000000000000000000
000000000000000000000000
000000000000000000000000
000000000000000000000000
000000000000000000000000
000000000000000000000000
000000000000000000000000
000000000000000000000000
000000000000000000000000
000000000000000000000000
000000000000000000000000
000000111111100000000000
111111111111100000000000
111111111111100000000000
000000000001100000000000
000000000001100000000000
000000000011100000000000
000000000011100000000000
000000000011100000000000
000000000011000000000000
000000000111000000000000
000000000111000000000000
000000000111000000000000
000000000110000000000000
000000001110000000000000
000000001110000000000000
000000001100000000000000
000000001100000000000000
000000001100000000000000
000000000000000000000000
000000000000000000000000
000000000000000000000000
start_draw_0:
000000000000000000000000
000000000000000000000000
000000000000000000000000
000000000000000000000000
000000000000000000000000
001111111111111111000000
001111111111111111000000
000000000000000011000000
000000000000000011000000
000000000000000011000000
000000000000000011000000
000000000000000111000000
000000000000000111000000
000000000000000111000000
000000000000000110000000
000000000000001110000000
000000000000001110000000
000000000000001100000000
000000000000011100000000
000000000000011100000000
000000000000111000000000
000000000000111000000000
000000000001110000000000
000000000001110000000000
000000000011110000000000
000000000011100000000000
000000000011100000000000
000000000111000000000000
000000000111000000000000
000000000111000000000000
000000000111000000000000
000000000111000000000000
000000000111000000000000
000000000000000000000000
000000000000000000000000
000000000000000000000000
start_draw_0:
000000000000000000000000
000000000000000000000000
000000000000000000000000
000000000000000000000000
001111111111111111000000
001111111111111111000000
000000000000000011000000
000000000000000111000000
000000000000000111000000
000000000000000111000000
000000000000000110000000
000000000000000110000000
000000000000001110000000
000000000000001110000000
000000000000001110000000
000000000000001100000000
000000000000001100000000
000000000000001100000000
111111111100001100000000
111111111111111111110000
000000111111111111111111
000000000000011111111111
000000000000011100000000
000000000000011000000000
000000000000011000000000
000000000000011000000000
000000000000011000000000
000000000000111000000000
000000000000111000000000
000000000000111000000000
000000000000000000000000
000000000000000000000000
000000000000000000000000
000000000000000000000000
000000000000000000000000
000000000000000000000000
start_draw_0:
000000000000000000000000
000000000000000000000000
000000000000000000000000
000000000000000000000000
000111111111111111000000
000111111111111111000000
000000000000000111000000
000000000000000111000000
000000000000000111000000
000000000000000111000000
000000000000000111000000
000000000000000110000000
000000000000000110000000
000000000000001110000000
000000000000001111111100
000000111111111111111100
000001111111111111111000
000001110000011100000000
000000000000011100000000
000000000000011100000000
000000000000011000000000
000000000000111000000000
000000000000111000000000
000000000000111000000000
000000000000110000000000
000000000000110000000000
000000000000110000000000
000000000000000000000000
000000000000000000000000
000000000000000000000000
000000000000000000000000
000000000000000000000000
000000000000000000000000
000000000000000000000000
000000000000000000000000
000000000000000000000000
start_draw_0:
000000000000000000000000
000000000000000000000000
000000000000000000000000
000000000000000000000000
000000000000000000000000
000000000000000000000000
000000000000000000000000
000000000000000000000000
000000000000000000000000
000000000000000000000000
000000111111111110000000
000000111111111111110000
000000000111111111110000
000000000000000001110000
000000000000000011110000
000000000000000111100000
000000000000001111000000
000000000000011110000000
000000000000111100000000
000000000001111000000000
000000000111110000000000
000000001111100000000000
000000111111000000000000
000001111100000000000000
000011111000000000000000
001111100000000000000000
011111000000000000000000
111100000000000000000000
111000000000000000000000
111000000000000000000000
110000000000000000000000
000000000000000000000000
000000000000000000000000
000000000000000000000000
000000000000000000000000
000000000000000000000000
start_draw_0:
000000000000000000000000
000000000000000000000000
000000000000000000000000
000000000000000000000000
000000000000000000000000
000000000000000000000000
000000000000000000000000
000011000000000000000000
000011111100000000000000
000011111111111100000000
000000011111111111110000
000000000000001111110000
000000000000000001110000
000000000000000001110000
000000000000000001110000
000000000000000011100000
000000000000000011100000
000000000000000011100000
000000000000000111000000
000000000000000111000000
000000000000000111000000
000000000000000110000000
000000000000001110000000
000000000000001110000000
000000000000001110000000
000000000000001100000000
000000000000001100000000
000000000000001100000000
000000000000001100000000
000000000000001100000000
000000000000000000000000
000000000000000000000000
000000000000000000000000
000000000000000000000000
000000000000000000000000
000000000000000000000000
start_draw_0:
000000000000000000000000
000000000000000000000000
000111111110000000000000
000111111111111111100000
000110011111111111111111
000000000000000011111111
000000000000000000000111
000000000000000000000111
000000000000000000001110
000000000000000000001110
000000000000000000011100
000000000000000000011100
000000000000000000111000
000000000000000000111000
000000000000000001110000
000000000000000001110000
000001111111111011100000
000001111111111111111111
000000000001111111111111
000000000000000111000000
000000000000000111000000
000000000000001110000000
000000000000001110000000
000000000000001110000000
000000000000001100000000
000000000000001100000000
000000000000001100000000
000000000000000000000000
000000000000000000000000
000000000000000000000000
000000000000000000000000
000000000000000000000000
000000000000000000000000
000000000000000000000000
000000000000000000000000
000000000000000000000000
start_draw_0:
000000000000000000000000
000000000000000000000000
000011110000000000000000
000011111111111100000000
000011111111111111110000
000000000000111111110000
000000000000000000110000
000000000000000000110000
000000000000000001110000
000000000000000001110000
000000000000000001110000
000000000000000001100000
000000000000000011100000
000000000000000011100000
000000000000000011100000
000000000000000011000000
000000000000000011000000
000000001111111111111000
000000001111111111111000
000000000000000111000000
000000000000000111000000
000000000000000110000000
000000000000000110000000
000000000000000110000000
000000000000000110000000
000000000000001110000000
000000000000001110000000
000000000000001110000000
000000000000001100000000
000000000000001100000000
000000000000001100000000
000000000000000000000000
000000000000000000000000
000000000000000000000000
000000000000000000000000
000000000000000000000000
start_draw_0:
000000000000000000000000
000000000000000000000000
000000000000000000000000
000000000000000000000000
000000000000000000000000
000000111111111110000000
000000111111111110000000
000000000000000110000000
000000000000000110000000
000000000000001110000000
000000000000001110000000
000000000000011100000000
000000000000011100000000
000000000000111000000000
000000000000111000000000
000000000001110000000000
000000000001110000000000
000000000011100000000000
000000000111100000000000
000000000111000000000000
000000001111000000000000
000000001110000000000000
000000011110000000000000
000000011100000000000000
000000011100000000000000
000000111000000000000000
000000111000000000000000
000000111000000000000000
000000000000000000000000
000000000000000000000000
000000000000000000000000
000000000000000000000000
000000000000000000000000
000000000000000000000000
000000000000000000000000
000000000000000000000000
start_draw_0:
000000000000000000000000
000000000000000000000000
000000000000000000000000
000000000000000000000000
000000000000000000000000
000000000000000000000000
000000000000000000000000
000000000000000000000000
000000000000000000000000
000000000000000000000000
000000000000000000000000
000000000000000000000000
000000000000000000000000
000000000000000000000000
000000000000000000000000
000000000000000000000000
000000000000000000000000
000000000000000000000000
000000000000000111000000
000000000000000111111000
000000000000000111111110
000000000000000000011110
000000000000000000001110
000000000000000000001110
000000000000000000001110
000000000000111100011100
000000000000111111111100
000000000000011111111110
000000000000000001111110
000000000000000000110000
000000000000000000110000
000000000000000000110000
000000000000000000110000
000000000000000000000000
000000000000000000000000
000000000000000000000000
start_draw_0:
000000000000000000000000
000000000000000000000000
000000000000000000000000
000000000000000000000000
000000000000000000000000
000000000000000000000000
000000000000000000000000
000000000000000000000000
000000000000000000000000
000000000000000000000000
000000000000000000000000
000000000000000000000000
000000000000000000000000
000000000000000000000000
000000000000000000000000
000000000000000000000000
000000000000000000000000
000000000000000000000000
000000000000000000000000
000000000000000000000000
000000000000000000000000
000000000000000000000000
111111110000000000000000
111111111111110000000000
000011111111110000000000
000000000001110000000000
000000000011110000000000
000000000011100000000000
000000000111000000000000
000001111111111111110000
000001111111111111110000
000000001110000001110000
000000001100000000000000
000000001100000000000000
000000001100000000000000
000000001100000000000000
start_draw_0:
000000000000000000000000
000000000000000000000000
000000000000000000000000
000000000000000000000000
000000000000000000000000
000000000000000000000000
000000000000000000000000
000000000000000000000000
000111111100000000000000
001111111100000000000000
001111111110000000000000
000000001110000000000000
000000001110000000000000
000000000110000000000000
000000000110000000000000
000000000110000000000000
000000111111111111100000
000000111111111111100000
000000001110000000000000
000000001110000000000000
000000001110000000000000
000000001110000000000000
000000001100000000000000
000000001100000000000000
000000000000000000000000
000000000000000000000000
000000000000000000000000
000000000000000000000000
000000000000000000000000
000000000000000000000000
000000000000000000000000
000000000000000000000000
000000000000000000000000
000000000000000000000000
000000000000000000000000
000000000000000000000000
start_draw_0:
000000000000000000000000
000111110000000000000000
000111111111000000000000
000001111111000000000000
000000000111000000000000
000000000111000000000000
000000000111000000000000
000000000111000000000000
000000000110000000000000
000000011111100000000000
000000111111100000000000
000000111100000000000000
000000001100000000000000
000000001100000000000000
000000001100000000000000
000000001100000000000000
000000001100000000000000
000000000000000000000000
000000000000000000000000
000000000000000000000000
000000000000000000000000
000000000000000000000000
000000000000000000000000
000000000000000000000000
000000000000000000000000
000000000000000000000000
000000000000000000000000
000000000000000000000000
000000000000000000000000
000000000000000000000000
000000000000000000000000
000000000000000000000000
000000000000000000000000
000000000000000000000000
000000000000000000000000
000000000000000000000000
start_draw_0:
000000000000000000000000
000000000000000000000000
000000000000000111100000
000000000001111111110000
000000000001111111110000
000000000000000000110000
000000000000000000110000
000000000000000000110000
000000000000000000110000
000000000000000001110000
000000000000000001110000
000000000000000001110000
000000000000000001100000
000000000000000001100000
000000000001111111111111
000000000001111111111111
000000000000000011100000
000000000000000011000000
000000000000000011000000
000000000000000011000000
000000000000000111000000
000000000000000111000000
000000000000000111000000
000000000000000111000000
000000000000000110000000
000000000000000110000000
000000000000000000000000
000000000000000000000000
000000000000000000000000
000000000000000000000000
000000000000000000000000
000000000000000000000000
000000000000000000000000
000000000000000000000000
000000000000000000000000
000000000000000000000000
start_draw_0:
000000000000000000000000
000000000000000000000000
000000000000000000000000
000000000000000000000000
000000000000111100000000
000000011111111100000000
000000011111111100000000
000000000000001100000000
000000000000001100000000
000000000000001100000000
000000000000001100000000
000000000000011100000000
000000000000011100000000
000000000000011100000000
000000000000111000000000
000000000000111000000000
000000000000111000000000
000000000001110000000000
000000000001110000000000
000000000011100000000000
000000000011100000000000
000000000011000000000000
000000000011000000000000
000000000000000000000000
000000000000000000000000
000000000000000000000000
000000000000000000000000
000000000000000000000000
000000000000000000000000
000000000000000000000000
000000000000000000000000
000000000000000000000000
000000000000000000000000
000000000000000000000000
000000000000000000000000
000000000000000000000000
start_draw_0:
000000000000000000000000
000000000000000000000000
000000000000000000000000
000000000000000000000000
000000000000000000000000
000000000000000000000000
000000000000000000000000
000000000000000000000000
000000001110000000000000
000000001111100000000000
000000001111111111000000
000000000011111111100000
000000000000000111100000
000000000000000001110000
000000000000000001110000
000000000000000001110000
000000000000000001100000
000000000000000001100000
000000000000000001100000
000000000000000011100000
000000000000000011100000
000000000000000011000000
000000000000000111000000
000000000000000111000000
000000000000000111000000
000000000000000110000000
000000000000000110000000
000000000000000110000000
000000000000000110000000
000000000000000110000000
000000000000000110000000
000000000000000110000000
000000000000000110000000
000000000000000000000000
000000000000000000000000
000000000000000000000000
start_draw_0:
000000000000000000000000
000000000000000000000000
000000000000000000000000
000000000000000000000000
000000000000000000000000
000000000000000000000000
000000000000000000000000
000000000000000000000000
000000000000000000000000
000000000000000000000000
000000000000000000000000
000000000000000000000000
000000111110000000000000
000000111111111000000000
000000111111111111000000
000000000000111111000000
000000000000000011000000
000000000000000011000000
000000000000000011000000
000000000000000111000000
000000000000000111000000
000000000000000110000000
000000000000001110000000
000000000011111111100000
000000000011111111111111
000000000000011111111111
000000000000011100000000
000000000000011100000000
000000000000011000000000
000000000000011000000000
000000000000111000000000
000000000000111000000000
000000000000000000000000
000000000000000000000000
000000000000000000000000
000000000000000000000000
start_draw_0:
000000000000000000000000
000000000000000000000000
000000000000000000000000
000000000000000000000000
000000000000000000000000
000000000000000000000000
000000000000000000000000
000000000000000000000000
000000000000000000000000
000000000000000000000000
000000000000000000000000
000000000000000000000000
000000000000000000000000
000000000001100000000000
000000000001111110000000
000000000001111111111100
000000000000001111111100
000000000000000000001100
000000000000000000001100
000000000000000000001100
000000000000000000001100
000000000000000000011100
000000000000000000011100
000000000111111111111100
000000000111111111111111
000000000000111111111111
000000000000000000111000
000000000000000000111000
000000000000000000111000
000000000000000000110000
000000000000000000110000
000000000000000000110000
000000000000000000000000
000000000000000000000000
000000000000000000000000
000000000000000000000000
start_draw_0:
000000000000000000000000
000000000000000000000000
000000011111110000000000
000000011111111111110000
000000000001111111111110
000000000000000011111110
000000000000000000001110
000000000000000000001100
000000000000000000011100
000000000000000000011100
000000000000000000011000
000000000011111000111000
000000000011111111111100
000000000001111111111111
000000000000000000111111
000000000000000000110000
000000000000000000110000
000000000000000000110000
000000000000000000110000
000000000000000000110000
000000000000000000110000
000000000000000000110000
000000000000000000110000
000000000000000000110000
000000000000000000000000
000000000000000000000000
000000000000000000000000
000000000000000000000000
000000000000000000000000
000000000000000000000000
000000000000000000000000
000000000000000000000000
000000000000000000000000
000000000000000000000000
000000000000000000000000
000000000000000000000000
start_draw_0:
000000000000000000000000
000000000000000000000000
000000000000000000000000
000000000000000000000000
000111111110000000000000
000111111110000000000000
000000000110000000000000
000000000110000000000000
000000000110000000000000
000000001110000000000000
000000001110000000000000
000000001110000000000000
000000001100000000000000
000000011100000000000000
000000011100011100000000
000111111111111100000000
000111111111111100000000
000000111000000000000000
000000111000000000000000
000000110000000000000000
000000110000000000000000
000000110000000000000000
000000110000000000000000
000000110000000000000000
000000110000000000000000
000000000000000000000000
000000000000000000000000
000000000000000000000000
000000000000000000000000
000000000000000000000000
000000000000000000000000
000000000000000000000000
000000000000000000000000
000000000000000000000000
000000000000000000000000
000000000000000000000000
start_draw_0:
000000000000000000000000
000000000000000000000000
000000000000000000000000
000000000000000000000000
000000000000000000000000
000000111111111100000000
000000111111111110000000
000000000000001110000000
000000000000001100000000
000000000000011100000000
000000000000011100000000
000000000000011100000000
000000000000111000000000
000000000000111000000000
000000000000111000000000
000000000001110000000000
000000000001110000000000
000000000001110000000000
000000000001100000000000
000000000011100000000000
000000000011100000000000
000000000011100000000000
000000000011000000000000
000000000011000000000000
000000000111000000000000
000000000111000000000000
000000000111000000000000
000000000111000000000000
000000000000000000000000
000000000000000000000000
000000000000000000000000
000000000000000000000000
000000000000000000000000
000000000000000000000000
000000000000000000000000
000000000000000000000000
start_draw_0:
000000000000000000000000
000000000000000000000000
000000000000000000000000
000000000000000000000000
000000000011100000000000
000011111111100000000000
000011111111100000000000
000000000011100000000000
000000000011100000000000
000000000011100000000000
000000000011100000000000
000000000011000000000000
000000000011000000000000
000000000111000000000000
000000000111000000000000
000000000111000000000000
000000000110000000000000
000000001110000000000000
000000001110000000000000
000000001110000000000000
000000011100000000000000
000000011100000000000000
000000011100000000000000
000000011000000000000000
000000011000000000000000
000000000000000000000000
000000000000000000000000
000000000000000000000000
000000000000000000000000
000000000000000000000000
000000000000000000000000
000000000000000000000000
000000000000000000000000
000000000000000000000000
000000000000000000000000
000000000000000000000000
start_draw_0:
000000000000000000000000
000000000000000000000000
000000000000000000000000
000000000000000000000000
000000000000000000000000
000000000000000000000000
000000000000000000000000
000000000000000000000000
000000000000000000000000
000000000000000000000000
000000000000000000000000
000000001110000000000000
000000001111000000000000
000000000111100000000000
000000000011111111000000
000000000001111111000000
000000000000000011000000
000000000000000011000000
000000000000000111000000
000000000000000111000000
000000000000000111000000
000000000000000110000000
000000001111111111111111
000000001111111111111111
000000000011111111111111
000000000000001100000000
000000000000001100000000
000000000000011100000000
000000000000011100000000
000000000000011100000000
000000000000011100000000
000000000000011100000000
000000000000011100000000
000000000000000000000000
000000000000000000000000
000000000000000000000000
start_draw_0:
000000000000000000000000
000000000000000000000000
000000000000000000000000
000000000000000000000000
000000000000000000000000
000000000000000000000000
000000000000000000000000
000000000000000000000000
000000000000000000000000
000000000000000000000000
000000000000000000000000
000000000000000000000000
000011111111110000000000
000011111111110000000000
000000000001110000000000
000000000001110000000000
000000000001110000000000
000000000001100000000000
000000000011100000000000
000000000011100000000000
000000000011100000000000
000000000011000000000000
000000000111000000000000
000000000111000000000000
000000000110000000000000
000000000110000000000000
000000000110000000000000
000000000110000000000000
000000000110000000000000
000000000000000000000000
000000000000000000000000
000000000000000000000000
000000000000000000000000
000000000000000000000000
000000000000000000000000
000000000000000000000000
start_draw_0:
000000000000000000000000
000000000000000000000000
000000000000000000000000
000000000111111110000000
000000000111111110000000
000000000000000110000000
000000000000000110000000
000000000000000110000000
000000000000001110000000
000000000000001110000000
000000000000001110000000
000000000000001100000000
000000000000011100000000
000000000000011100000000
000000000000011100000000
000000000000011000000000
000000000000111000000000
000000000000111000000000
000000000000111000000000
000000000000110000000000
000000000000110000000000
000000000000110000000000
000000000000000000000000
000000000000000000000000
000000000000000000000000
000000000000000000000000
000000000000000000000000
000000000000000000000000
000000000000000000000000
000000000000000000000000
000000000000000000000000
000000000000000000000000
000000000000000000000000
000000000000000000000000
000000000000000000000000
000000000000000000000000
start_draw_0:
000000000000000000000000
000000000000000000000000
000000000000000000000000
011111111000000000000000
011111111000000000000000
000000111000000000000000
000000011000000000000000
000000011000000000000000
000000011000000000000000
000000011000000000000000
000000011000000000000000
000000011000000000000000
000000111000000000000000
000000111000000000000000
000000111000000000000000
000000110000000000000000
000000110000000000000000
000000110000000000000000
000000110000000000000000
000000110000000000000000
000000110000000000000000
000000110000000000000000
000000110000000000000000
000000110000000000000000
000000110000000000000000
000000110000000000000000
000000110000000000000000
000000000000000000000000
000000000000000000000000
000000000000000000000000
000000000000000000000000
000000000000000000000000
000000000000000000000000
000000000000000000000000
000000000000000000000000
000000000000000000000000
start_draw_0:
000000000000000000000000
000000000000000000000000
000000000000000000000000
000000000000000000000000
000000000000000000000000
000000111111110000000000
000000111111111111000000
000000000011111111000000
000000000000000111000000
000000000000001111000000
000000000000001110000000
000000000000011110000000
000000000000011100000000
000000000000111000000000
000000000000111000000000
000000000001110000000000
000000000001110000000000
000000000011110000000000
000000000011100000000000
000000000011100000000000
000000000111000000000000
000000000111000000000000
000000000111000000000000
000000000110000000000000
000000000110000000000000
000000000000000000000000
000000000000000000000000
000000000000000000000000
000000000000000000000000
000000000000000000000000
000000000000000000000000
000000000000000000000000
000000000000000000000000
000000000000000000000000
000000000000000000000000
000000000000000000000000
start_draw_0:
000000000000000000000000
000000000000000000000000
000000000000000000000000
000000000000000000000000
000000000000000000000000
000000000000000000000000
000011111111111100000000
000011111111111100000000
000011111111111100000000
000000000000011100000000
000000000000011100000000
000000000000011100000000
000000000000111000000000
000000000000111000000000
000000000001110000000000
000000000001110000000000
000011111111110000000000
000011111111111111100000
000000000111111111100000
000000000111000000000000
000000000111000000000000
000000001110000000000000
000000001110000000000000
000000011110000000000000
000000011100000000000000
000000011100000000000000
000000011000000000000000
000000011000000000000000
000000000000000000000000
000000000000000000000000
000000000000000000000000
000000000000000000000000
000000000000000000000000
000000000000000000000000
000000000000000000000000
000000000000000000000000