start_draw_1:
100000000000000000000000
010000000000000000000000
001000000000000000000000
000100000000000000000000
000010000000000000000000
000001000000000000000000
000000100000000000000000
000000000000000000000000
000000000000000000000000
000000000000000000000000
000000000000000000000000
000000000000000000000000
000000000000000000000000
000000000000000000000000
000000000000000000000000
000000000000000000000000
000000000000000000000000
000000000000000000000000
000000000000000000000000
000000000000000000000000
000000000000000000000000
000000000000000000000000
000000000000000000000000
000000000000000000000000
000000000000000000000000
000000000000000000000000
000000000000000000000000
000000000000000000000000
000000000000000000000000
000000000000000000000000
000000000000000000000000
000000000000000000000000
000000000000000000000000
000000000000000000000000
000000000000000000000000
000000000000000000000000
start_draw_2:
000000000000000000000000
000000000000000000000000
000000000000000000000000
000000000000000000000000
000000000000000000000000
000000000001111111000000
000000001111111111000000
000000111111100000000000
000001111100000000000000
000001111000000000000000
000001110000000000000000
000001110000000000000000
000000110000000000000000
000000111000000000000000
000000111000000000000000
000000111000000000000000
000000011100000000000000
000000011110000000000000
000000001111111000000000
000000001111111110000000
000000000000011111000000
000000000000000111100000
000000000000000011110000
000000011100000001110000
000000011111100001110000
000000011111111111110000
000000000001111111110000
000000000000000000000000
000000000000000000000000
000000000000000000000000
000000000000000000000000
000000000000000000000000
000000000000000000000000
000000000000000000000000
000000000000000000000000
000000000000000000000000
start_draw_3:
100000000000000000000000
000000000000000000000000
000000000000000000000000
000000000000000000000000
000000000000000000000000
000000000001111111000000
000000001111111111000000
000000111111100000000000
000001111100000000000000
000001111000000000000000
000001110000000000000000
000001110000000000000000
000000110000000000000000
000000111000000000000000
000000111000000000000000
000000111000000000000000
000000011100000000000000
000000011110000000000000
000000001111111000000000
000000001111111110000000
000000000000011111000000
000000000000000111100000
000000000000000011110000
000000011100000001110000
000000011111100001110000
000000011111111111110000
000000000001111111110000
000000000000000000000000
000000000000000000000000
000000000000000000000000
000000000000000000000000
000000000000000000000000
000000000000000000000000
000000000000000000000000
000000000000000000000000
000000000000000000000000
start_draw_0:
000000000000000000000000
000000000000000000000000
000000000000000000000000
000000000000000000000000
000000000000000000000000
011111110000000000000000
011111110000000000000000
001111110000000000001100
001110110001100011101100
001111110111100011101100
001111110111100011111100
000111100111100011111100
000111110111100011111100
000111110111100011111100
000110110111100011111100
000000000111000011011100
000000000000000000000000
000000000000000000000000
000000000000000000000000
000000000000000000000000
000000000000000000000000
000000000000000000000000
000000000000000000000000
000000000000000000000000
000000000000000000000000
000000000000000000000000
000000000000000000000000
000000000000000000000000
000000000000000000000000
000000000000000000000000
000000000000000000000000
000000000000000000000000
000000000000000000000000
000000000000000000000000
000000000000000000000000
000000000000000000000000