start_draw_0:
000000000000000000000000
000000000000000000000000
000000000000000000000000
000001100000000000000000
000001110000000000000000
000001110000000000000000
000001110000000000000000
000000110000000000000000
000000110000000000000000
000000110000000000000000
000000111000000000000000
000000111000000000000000
000000111000000000000000
000000011000000000000000
000000011000000000000000
000000011000000000000000
000000011000000000000000
000000011000000000000000
000000011000000000000000
000000011100000000000000
000000011100000000000000
000000011100000000000000
000000001100000000000000
000000001100000000000000
000000001100000000000000
000000001110000000000000
000000001110000000000000
000000001110000000000000
000000000000000000000000
000000000000000000000000
000000000000000000000000
000000000000000000000000
000000000000000000000000
000000000000000000000000
000000000000000000000000
000000000000000000000000
start_draw_0:
000000000000000000000000
000000000000000000000000
000000000000000000000000
000000000000000000000000
000000000000000000000000
000000111110000000000000
000000111111000000000000
000000001111100000000000
000000000011100000000000
000000000001110000000000
000000000001110000000000
000000000001110000000000
000000000011100000000000
000000000111100000000000
000000000111000000000000
000000001111000000000000
000000011110000000000000
000000111100000000000000
000001111000000000000000
000001110000000000000000
000001111111111111000000
000001111111111111000000
000000000000000000000000
000000000000000000000000
000000000000000000000000
000000000000000000000000
000000000000000000000000
000000000000000000000000
000000000000000000000000
000000000000000000000000
000000000000000000000000
000000000000000000000000
000000000000000000000000
000000000000000000000000
000000000000000000000000
000000000000000000000000
start_draw_0:
000000000000000000000000
000000000000000000000000
000000000000000000000000
000000000000000000000000
000000000000000000000000
000000000111111110000000
000000000111111111000000
000000000111001111100000
000000000000000011100000
000000000000000011100000
000000000000000111100000
000000000000001111100000
000000000000011111000000
000000000001111110000000
000000000001111000000000
000000000001111000000000
000000000000111110000000
000000000000011111000000
000000000000001111100000
000000000000000011100000
000000000000000011110000
000000000000000001110000
000000000000000001110000
000000000000001111110000
000000000001111111100000
000000000001111110000000
000000000000000000000000
000000000000000000000000
000000000000000000000000
000000000000000000000000
000000000000000000000000
000000000000000000000000
000000000000000000000000
000000000000000000000000
000000000000000000000000
000000000000000000000000
start_draw_0:
000000000000000000000000
000000000000000000000000
000000000000000000000000
000000000000000000000000
000000000000000000000000
000000000000000000000000
000001100000000000000000
000001100000000000000000
000001110000000000000000
000001110000000000000000
000001110000000000000000
000001110000001100000000
000000110000001100000000
000000110000001100000000
000000111000001100000000
000000111000001100000000
000000111100001110000000
000000011111111110000000
000000001111111110000000
000000000111111100000000
000000000000001100000000
000000000000001100000000
000000000000001100000000
000000000000001100000000
000000000000001100000000
000000000000000000000000
000000000000000000000000
000000000000000000000000
000000000000000000000000
000000000000000000000000
000000000000000000000000
000000000000000000000000
000000000000000000000000
000000000000000000000000
000000000000000000000000
000000000000000000000000
start_draw_0:
000000000000000000000000
000000000000000000000000
000000000000000000000000
000000000000000000000000
000000000000000000000000
000000000000000000000000
000000011111111000000000
000000011111111000000000
000000111000000000000000
000000111000000000000000
000000111000000000000000
000000111111100000000000
000000011111111110000000
000000000111111111100000
000000000000001111110000
000000000000000001110000
000000000000000000110000
000000000000000000111000
000000000111000000111000
000000000111111111111000
000000000011111111110000
000000000000011100000000
000000000000000000000000
000000000000000000000000
000000000000000000000000
000000000000000000000000
000000000000000000000000
000000000000000000000000
000000000000000000000000
000000000000000000000000
000000000000000000000000
000000000000000000000000
000000000000000000000000
000000000000000000000000
000000000000000000000000
000000000000000000000000
start_draw_0:
000000000000000000000000
000000000000000000000000
000000000000000000000000
000000000000000000000000
000000000000110000000000
000000000000110000000000
000000000000110000000000
000000000001110000000000
000000000001110000000000
000000000011100000000000
000000000011100000000000
000000000011100000000000
000000000111000000000000
000000000111111100000000
000000000111111110000000
000000000110011110000000
000000000110000110000000
000000000111001110000000
000000000111111110000000
000000000111111100000000
000000000000000000000000
000000000000000000000000
000000000000000000000000
000000000000000000000000
000000000000000000000000
000000000000000000000000
000000000000000000000000
000000000000000000000000
000000000000000000000000
000000000000000000000000
000000000000000000000000
000000000000000000000000
000000000000000000000000
000000000000000000000000
000000000000000000000000
000000000000000000000000